     -0.01      0.016       0.05                       0.11       0.12       0.14
   0.44684   0.202126 -0.0910612                  -0.629351  -0.428612  -0.498974
  -5.29902    -3.7979  -0.884433                    2.27042   0.869354   0.914375
   30.3943    16.9823    2.89844                   -3.92272  -0.851696  -0.711924
  -100.595   -32.5204   -3.24981                    2.57315   0.342855   0.199196
   196.009    29.3776    1.47786                          0          0          0
   -206.36   -11.5451  -0.162829                          0          0          0
   89.3935    1.28014 -0.0365298                          0          0          0
         0          0          0                          0          0          0
         0          0          0                          0          0          0
         0          0          0                          0          0          0
