20041117190556	43490	-12.4826	-19.2356	6.45996	-4.7218	-27.562	-56.9865	210.573	234.997	232.735	240.861	247.5	279.97
20041117181042	43491	-10.901	-16.4874	9.8206	-2.40829	-26.0268	-56.0086	212.675	232.864	231.704	240.196	247.734	279.221
20041118080600	43492	-13.2919	-19.6959	5.16273	-5.96382	-30.8796	-61.4343	210.945	234.768	231.885	242.012	248.423	278.855
20041117231502	43516	-13.9837	-23.1555	3.43482	-10.9357	-35.992	-66.7927	214.016	236.646	235.039	244.989	248.789	281.311
20041105020130	43524	-6.54284	-17.4175	18.3006	-5.32256	-27.5772	-56.6394	213.207	236.607	230.722	244.335	254.334	270.994
20041118054735	43525	-14.3977	-27.6298	-3.68984	-14.4664	-38.2816	-63.5764	215.743	239.594	236.331	244.245	248.715	280.524
20041118091743	43526	-14.7128	-26.8723	6.61244	-5.32773	-30.699	-58.2003	213.864	239.677	234.898	245.388	249.303	281.692
20041118203829	43527	-13.2759	-24.3374	8.0608	-3.37012	-29.2122	-58.0493	214.036	237.999	235.433	243.904	248.254	278.92
20041117144207	43532	-14.219	-24.4483	6.41466	-7.93843	-37.4485	-69.3795	213.816	238.088	235.421	246.32	249.207	280.763
20041118043703	43533	-15.7658	-27.281	5.45552	-7.35291	-39.77	-68.0644	219.306	241.113	236.517	246.515	249.493	281.46
20041116195938	43534	-15.53	-27.3554	6.71729	-5.20063	-37.9146	-63.1551	213.328	240.19	236.438	246.281	251.175	280.188
20041117143540	43658	-42.0318	-51.1466	-20.106	-40.651	-42.8419	-63.8994	223.647	249.774	243.8	250.856	260.616	296.263
20041117115411	43541	-14.7386	-27.9971	6.69997	-4.43234	-36.6226	-62.6045	217.635	240.6	235.855	245.606	249.767	281.881
20041117121947	43547	-14.8538	-28.2037	7.60069	-3.6671	-33.7128	-61.9542	218.364	241.798	237.853	246.575	250.254	279.834
20041117164401	43548	-13.8288	-25.7946	11.3195	-0.563182	-26.8916	-55.3012	216.7	239.315	236.004	246.769	248.123	280.673
20041118013459	43549	-13.0315	-24.7484	15.7778	7.24557	-17.7069	-42.7539	216.206	240.478	236.829	245.597	246.948	278.737
20041117175433	43550	-12.1312	-21.2991	18.7372	10.0252	-12.1678	-39.644	214.74	239.4	236.965	245.961	245.915	277.083
20041117230421	43551	-13.266	-24.0481	15.7951	7.48093	-18.1031	-45.3057	215.854	240.087	237.965	246.773	246.844	278.738
20041117173123	43552	-13.1348	-23.6475	19.0704	10.2985	-16.602	-44.1119	215.517	238.871	236.869	246.344	247.184	278.386
20041117090322	43553	-13.2515	-24.2998	15.6894	5.23434	-22.6051	-49.9211	219.115	239.482	236.965	246.008	248.768	278.969
20041118004114	43554	-13.4445	-24.0156	17.7202	7.9676	-22.5183	-48.5302	217.894	240.196	234.012	245.878	248.019	279.426
20041117221926	43555	-13.6086	-25.4974	14.3552	5.44699	-25.8409	-53.4869	216.178	240.249	235.908	245.584	248.247	278.94
20041117113401	43556	-13.494	-26.772	11.4813	-0.305476	-34.8781	-62.4358	216.763	240.953	235.548	246.66	249.291	280.919
20041117172645	43557	-15.4886	-28.3617	6.6414	-4.84724	-41.1704	-70.8455	214.78	240.916	236.995	247.509	249.863	282.313
20041117160741	43558	-32.3442	-40.1176	12.6811	-12.58	-21.6046	-52.431	219.795	242.868	235.219	242.262	253.673	284.148
20041117121448	43561	-32.2007	-40.6032	11.5551	-16.2951	-26.5403	-58.5723	219.836	243.172	235.708	244.839	256.453	286.175
20041117190649	43562	-33.3274	-42.2229	9.75543	-17.5999	-34.5528	-64.9868	219.65	243.704	235.992	244.903	256.432	286.008
20041118040605	43563	-33.7979	-45.1697	3.36767	-24.6524	-46.5048	-79.1473	219.454	244.578	238.803	244.428	259.353	288.289
20041117203443	43564	-36.9949	-46.9782	-0.758128	-30.5493	-59.3642	-93.5141	220.175	245.189	237.752	247.17	261.144	289.9
20041118105331	43565	-36.9911	-47.6928	-0.521756	-30.6569	-60.9169	-96.1092	221.49	245.823	236.592	245.976	261.496	291.12
20041118022959	43566	-35.8933	-46.0817	1.08351	-28.5308	-59.9589	-95.7098	220.822	247.142	238.612	246.376	261.695	291.519
20041118045525	43567	-35.9114	-47.4953	1.47531	-27.0351	-59.9909	-93.1359	221.634	245.33	239.108	247.623	262.373	292.113
20041118002127	43587	-31.1446	-37.0822	20.7847	-1.43568	-6.44269	-37.8663	217.849	242.823	237.874	243.78	253.814	283.435
20041118061914	43569	-35.2732	-47.2701	0.363546	-29.1881	-59.6307	-95.1954	221.397	244.6	238.53	245.284	260.182	291.368
20041117024127	43570	-36.3198	-49.4983	-2.7016	-32.1363	-65.5021	-99.0038	221.704	246.43	236.86	245.956	262.261	290.351
20041117065534	43571	-37.4997	-48.6608	-0.88448	-28.4319	-61.0591	-96.033	221.369	246.637	239.743	247.426	261.67	291.888
20041117032724	43572	-36.631	-46.1336	0.647655	-28.3574	-56.9431	-93.5895	220.274	247.022	238.402	245.527	261.092	289.964
20041117062857	43574	-37.6886	-49.4357	-1.45319	-29.693	-60.345	-95.1675	220.466	246.351	238.111	246.064	261.267	290.905
20041117010618	43575	-36.4928	-48.078	-1.1898	-30.5255	-59.4515	-95.4744	222.54	246.964	238.261	245.978	259.91	290.963
20041118014222	43576	-36.8163	-48.163	-0.630302	-30.419	-57.0291	-94.5321	220.485	245.13	237.493	245.002	260.652	291.662
20041118070515	43577	-33.1595	-44.1073	2.46227	-25.742	-50.5484	-85.8058	220.7	245.17	236.665	244.452	259.465	289.872
20041117230426	43578	-35.7145	-45.8203	5.31393	-22.3454	-42.7168	-78.8244	220.337	245.016	239.441	246.597	257.935	288.969
20041117224727	43579	-34.1003	-44.5349	7.30373	-20.1815	-36.4717	-71.6878	219.971	244.241	236.958	246.178	256.333	288.994
20041118035438	43580	-33.3094	-42.6914	8.61377	-17.1687	-32.1087	-65.6138	218.119	242.969	237.306	244.354	257.311	288.05
20041117113200	43581	-34.7988	-44.3498	6.48395	-21.0036	-32.3788	-68.1157	222.267	244.465	236.361	245.821	257.36	287.934
20041117192823	43582	-32.9818	-42.6837	7.83827	-19.8938	-33.2672	-64.8546	220.298	244.562	237.437	244.422	256.297	286.652
20041117092947	43583	-33.0286	-42.0338	10.5006	-16.0285	-24.899	-57.5397	219.563	243.001	236.074	243.724	254.444	286.394
20041117034828	43584	-32.6198	-40.5272	14.708	-8.58351	-16.6884	-47.8837	218.487	243.12	236.844	243.986	253.878	284.633
20041108050832	43585	-26.6496	-37.7531	19.2328	-7.54159	-12.1809	-6.33183	208.336	243.194	227.201	245.285	249.846	217.955
20041116201851	43586	-29.7406	-39.3346	20.0276	-6.27303	-11.3692	-45.1155	220.005	241.956	237.376	244.084	253.999	283.574
20041118002127	43587	-31.1446	-37.0822	20.7847	-1.43568	-6.44269	-37.8663	217.849	242.823	237.874	243.78	253.814	283.435
20041118012344	43588	-28.9725	-34.6967	27.0656	3.29219	2.21565	-28.538	218.439	242.164	234.95	243.159	251.318	281.948
20041118234102	43589	-27.843	-32.4855	35.3371	12.2895	17.474	-7.47969	217.211	240.675	235.087	242.303	250.051	277.812
20041118061829	43590	-26.4661	-31.245	35.9019	13.5118	21.1488	-8.10454	217.135	240.16	234.617	241.549	249.661	280.186
20041118082532	43591	-26.5408	-31.1313	34.5342	14.2201	22.3231	-6.61846	216.662	240.812	235.919	243.347	247.799	279.101
20041118040332	43592	-28.0016	-33.2949	30.5987	7.02043	10.9024	-16.9962	218.448	240.739	235.143	242.068	249.942	281.758
20041118032718	43593	-28.9182	-35.5349	26.2042	1.50328	-0.408927	-29.6159	216.955	240.774	236.299	242.501	252.107	281.653
20041118071941	43594	-29.7517	-35.5283	25.8991	1.79028	-4.37882	-33.0388	218.951	241.422	235.213	243.412	251.407	282.755
20041118074647	43595	-28.1241	-35.8054	23.5732	0.301801	-5.42603	-35.6769	218.553	241.154	236.786	243.569	252.287	282.094
20041118092248	43596	-29.4594	-37.4426	23.9789	-0.915665	-12.7787	-43.1319	217.857	240.661	236.203	242.208	254.15	283.838
20041118002708	43598	-28.1937	-35.3224	25.4273	-0.40058	-15.9656	-47.3026	217.762	241.36	235.175	244.14	255.581	286.193
20041118050738	43599	-28.8157	-35.4248	26.7428	0.978283	-13.2341	-46.748	218.116	241.922	236.502	243.619	254.711	286.292
20041118170346	43600	-42.1073	-47.3126	8.67133	-11.9618	-46.6788	-62.7183	218.059	243.314	237.282	245.898	256.967	289.31
20041118170046	43601	-44.7739	-49.2973	4.59743	-15.5497	-54.8006	-70.4331	219.98	241.113	236.136	246.191	259.592	289.272
20041117132413	43602	-44.4393	-50.0332	3.14651	-15.3309	-55.2127	-71.3868	218.846	240.11	238.538	245.16	258.427	289.491
20041117042649	43603	-43.259	-49.2462	1.98193	-17.6941	-57.0053	-72.485	219.985	242.22	236.531	245.955	255.857	289.726
20041117183406	43604	-45.1732	-51.1954	-1.17239	-22.9478	-64.4883	-80.9684	221.994	243.61	237.255	246.144	259.617	290.916
20041117115321	43608	-44.57	-49.2695	1.89189	-17.8703	-60.3477	-74.6372	219.604	241.622	234.568	244.921	258.553	289.975
20041117060158	43609	-46.7003	-51.8856	-0.30286	-19.9593	-64.4287	-77.8896	219.308	243.214	234.641	245.203	257.423	290.479
20041118042651	43610	-47.5728	-53.7853	-7.75012	-27.0461	-71.1462	-87.5229	219.349	243.572	235.206	245.606	260.071	292.533
20041118034912	43611	-46.6651	-55.0952	-10.0909	-30.0117	-76.3021	-92.4656	221.136	244.933	236.785	245.213	261.254	292.686
20041118032452	43612	-49.2053	-56.2541	-11.9262	-33.4146	-79.8907	-95.8862	221.026	245.14	236.259	246.507	261.501	294.086
20041118074216	43613	-50.6873	-57.9704	-16.3501	-39.3975	-91.1244	-109.671	219.462	245.177	234.438	248.023	262.429	296.706
20041118165340	43614	-50.1448	-60.2833	-19.93	-41.4711	-94.8014	-115.06	222.45	245.68	236.637	248.004	264.08	299.485
20041118201257	43615	-50.5876	-60.5021	-20.4788	-42.6554	-100.066	-118.478	222.311	247.303	238.669	248.712	266.269	297.728
20041118152653	43616	-52.1807	-60.7585	-21.1771	-44.2467	-100.514	-121.115	220.357	247.879	236.783	248.472	265.021	298.801
20041118123720	43617	-52.1735	-59.4672	-18.8852	-41.7129	-98.4291	-116.026	220.947	247.659	236.561	246.163	265.607	296.24
20041117223043	43618	-49.6552	-59.6938	-20.6745	-46.1748	-100.627	-120.621	221.551	245.154	237.925	247.232	265.626	298.972
20041118205540	43619	-51.3231	-61.2348	-24.2811	-46.5752	-106.099	-124.626	222.522	246.004	237.497	247.89	266.674	299.215
20041118140016	43620	-41.2154	-49.8737	-14.928	-36.6952	-36.1923	-55.637	220.703	247.327	241.271	252.063	259.338	294.364
20041117210239	43621	-40.6618	-51.6613	-15.7651	-37.9354	-39.7186	-58.9197	221.908	249.352	241.407	251.212	259.982	295.218
20041118050941	43622	-41.8514	-49.8835	-16.7098	-38.7479	-37.9112	-57.0991	223	247.784	241.334	250.167	259.368	294.138
20041117220324	43623	-39.7354	-51.4357	-15.6237	-35.7886	-36.3885	-55.8036	223.887	248.766	241.829	250.595	259.36	294.244
20041117163829	43624	-39.9959	-51.4727	-16.2957	-37.8302	-39.5538	-56.7222	225.711	248.708	240.649	251.216	260.522	296.512
20041117092155	43625	-41.7604	-52.3008	-16.6255	-38.2292	-40.8552	-58.4965	222.3	249.068	241.721	251.003	259.214	296.388
20041116212835	43626	-41.9069	-52.3069	-17.6924	-38.6947	-39.7089	-60.864	223.388	249.179	241.693	251.981	260.147	294.279
20041117232339	43629	-41.2064	-51.4811	-17.631	-38.8414	-41.0012	-60.6529	222.676	249.313	242.766	251.379	260.181	295.943
20041117124256	43630	-41.4892	-50.7037	-14.8008	-35.9223	-34.2287	-53.6412	224.088	248.305	241.526	250.62	258.65	295.497
20041117135312	43631	-40.3654	-50.7557	-13.194	-31.9167	-26.5131	-43.4231	220.638	247.244	241.627	249.905	257.673	292.631
20041117113649	43632	-38.0438	-46.5327	-5.84058	-25.5938	-15.0852	-34.0441	220.832	246.294	240.379	248.878	255.363	291.36
20041117222718	43633	-36.94	-44.7664	-0.941627	-19.3449	-4.86523	-20.8238	220.847	246.711	238.773	249.508	254.816	290.16
20041117120734	43634	-37.7336	-44.0322	-1.5846	-19.0568	-6.70709	-22.4264	220.785	246.214	241.577	248.605	254.051	289.134
20041117020711	43635	-36.5932	-44.8614	-0.396474	-19.0532	-2.21921	-18.7452	222.744	247.033	240.486	248.949	254.948	289.59
20041117122425	43636	-36.4843	-42.4568	-0.991772	-18.7282	-2.00094	-16.6967	219.94	245.867	240.113	248.752	254.247	288.876
20041117145358	43637	-37.5753	-44.2634	-2.69895	-20.6223	-3.99779	-21.2748	220.053	246.699	240.522	249.524	254.507	289.669
20041117143910	43638	-37.6159	-45.3334	-3.34758	-21.6158	-8.86349	-26.358	220.093	247.052	240.406	248.861	255.734	289.131
20041118051016	43639	-37.763	-45.6663	-2.71124	-22.912	-12.3669	-30.1294	221.244	246.871	239.756	249.377	255.242	291.39
20041117104543	43640	-37.0381	-44.2426	-2.77636	-21.7515	-14.6762	-29.8265	219.876	245.199	240.074	248.705	255.625	291.22
20041117213430	43641	-36.9914	-45.6271	-2.67647	-22.3977	-12.1698	-28.9343	222.198	245.758	240.306	249.949	255.538	291.946
20041117091634	43642	-37.3918	-45.1827	-5.0679	-24.6221	-16.942	-35.1335	222.141	245.262	239.411	248.788	256.332	292.711
20041117202535	43643	-38.9497	-45.4686	-5.19254	-23.7571	-17.5771	-35.544	220.66	244.889	239.685	250.636	255.78	292.298
20041117113521	43644	-38.5594	-47.1546	-6.67667	-23.9208	-21.5963	-40.3533	222.512	247.303	242.067	249.374	255.238	294.851
20041117125650	43645	-37.9679	-46.9191	-6.87847	-25.7334	-25.244	-44.4127	224.382	248.038	240.138	249.815	258.436	293.616
20041117115250	43646	-37.6086	-47.6423	-7.018	-26.1375	-25.4498	-43.2467	221.236	247.847	239.016	249.662	258.036	293.972
20041118170916	43647	-39.3473	-47.7736	-7.90471	-26.9655	-25.7769	-44.0555	223.109	247.661	239.479	249.283	257.812	293.949
20041117120101	43648	-37.6688	-47.9448	-7.6791	-26.9285	-25.9102	-42.9314	222.236	246.61	239.922	249.521	258.951	292.88
20041118100659	43649	-39.8181	-53.2429	-14.7659	-36.2017	-41.9605	-58.7064	221.504	248.153	243.045	252.236	259.927	296.852
20041117132646	43650	-39.9628	-50.7882	-12.3975	-31.9285	-33.622	-55.3753	223.195	248.199	241.335	249.896	258.164	294.942
20041117100843	43651	-39.6389	-49.9372	-13.3235	-34.2825	-35.215	-52.6684	224.749	248.845	242.168	249.168	258.543	294.279
20041117200426	43652	-37.3076	-47.3506	-9.87678	-30.1506	-27.3216	-45.3737	223.493	247.752	239.51	250.699	258.114	294.495
20041117224211	43653	-39.294	-48.6447	-13.5938	-34.8247	-29.7611	-50.1623	220.061	247.643	241.368	250.43	259.399	293.668
20041117122531	43654	-39.7902	-48.8974	-14.514	-35.8345	-32.3499	-51.3186	221.782	247.699	240.031	249.479	258.691	295.488
20041118013857	43655	-41.6424	-50.7821	-20.2954	-41.4533	-42.5282	-61.8831	223.822	248.523	240.942	251.6	261.712	297.39
20041118085249	43656	-41.7993	-52.0958	-19.213	-41.0222	-42.2553	-62.1439	222.298	250.748	242.505	251.205	259.549	294.506
20041116181711	43657	-40.847	-49.9345	-19.4373	-41.9936	-42.7212	-63.3538	223.231	250.682	239.514	249.747	258.925	297.604
20041117224356	43658	-41.5646	-50.8431	-17.125	-38.9195	-42.0828	-58.8351	224.561	248.114	239.8	250.742	260.966	295.285
20041117203732	43659	-42.3716	-51.9328	-20.2631	-41.8121	-44.393	-62.8242	224.06	248.986	240.926	251.087	261.036	294.85
20041117210246	43666	-44.9019	-56.5343	-31.5393	-55.3603	-68.3824	-89.1822	225.852	251.833	241.897	254.055	266.713	302.889
20041119092825	43672	-40.9707	-51.6649	-13.5399	-34.5217	-37.2771	-51.5223	221.493	248.18	241.141	250.195	259.537	295.301
20041118215559	43675	-34.8459	-27.7621	-10.6873	-12.4266	-5.14686	-31.8615	105.615	269.404	236.085	219.848	221.36	309.645
20041119095028	43676	-40.2959	-46.9463	-10.3494	-29.9584	-32.5506	-47.8238	221.351	245.265	238.996	249.035	260.428	293.528
20041117062839	43677	-39.8339	-48.2831	-9.22841	-27.4778	-26	-42.7349	223.299	246.999	240.466	248.329	258.175	294.938
20041117110447	43678	-40.5143	-46.7961	-7.26499	-27.0712	-18.1603	-32.5727	222.533	245.713	239.086	249.462	257.307	292.433
20041119061435	43679	-35.9015	-43.2061	1.06507	-14.6227	0.274021	-15.3278	213.951	245.312	239.808	249.491	254.941	288.885
20041119085506	43680	-34.9504	-41.8259	4.92433	-13.7014	-23.1571	-59.1324	217.503	243.607	240.492	248.384	254.226	287.991
20041119073635	43681	-37.1907	-45.3059	3.87599	-13.7106	-32.9798	-65.3329	221.336	244.487	239.372	249.009	255.292	288.033
20041117215629	43682	-35.2223	-44.6189	5.92908	-12.5534	-29.6314	-62.2766	219.655	245.704	239.673	247.832	255.04	287.49
20041119045513	43683	-35.7913	-43.2765	14.7524	-2.43932	-16.2274	-50.705	220.664	242.688	239.527	249.934	254.987	288.411
20041119090916	43684	-32.4364	-39.3132	21.9937	6.09825	-11.029	-41.6811	206.013	231.063	227.814	247.686	252.81	285.89
20041116183812	43685	-34.4738	-40.8708	20.1375	5.45573	-11.7113	-42.1817	219.38	245.393	240.454	248.701	253.868	283.583
20041119091508	43686	-32.7337	-38.3706	26.0973	29.982	-7.97351	-32.3061	215.649	229.517	229.342	270.312	250.591	284.828
20041119094109	43687	-32.0051	-40.2446	24.0543	8.82614	0.988933	-29.7609	219.858	240.357	240.232	250.595	253.828	287.28
20041118020324	43692	-33.2633	-38.9627	29.5266	19.3249	-3.20755	-27.4708	218.155	242.651	241.542	248.001	247.522	280.071
20041118150613	43693	-33.3901	-39.1155	28.6594	18.9321	-1.16689	-26.0522	219.687	242.772	240.666	246.549	248.901	279.625
20041118033439	43694	-33.6086	-39.2573	28.2165	17.311	1.55416	-23.6931	216.932	242.251	241.553	246.968	248.915	280.411
20041118093811	43695	-33.3683	-41.2761	24.2448	14.0013	-2.08906	-27.4117	217.181	243.48	240.44	248.604	249.258	279.76
20041118142215	43696	-34.8203	-42.9579	18.9511	2.48621	-8.96074	-38.3695	217.755	243.376	240.75	249.423	248.604	282.812
20041119023407	43697	-36.2425	-43.467	12.8723	-1.43206	-17.0795	-45.2746	218.222	244.1	241.386	248.834	249.374	281.951
20041118190507	43698	-36.7734	-45.8059	4.92702	-11.1899	-26.1158	-56.0234	221.298	245.763	241.128	249.283	250.829	283.017
20041118023511	43700	-38.0918	-47.4895	0.046259	-16.8479	-32.8626	-60.2019	218.817	245.052	241.283	249.067	251.24	283.769
20041118122650	43701	-36.9916	-47.2825	0.596503	-17.3944	-30.1459	-59.0792	219.363	244.803	239.873	249.084	251.231	283.259
20041118022016	43702	-35.5351	-46.4244	0.893526	-16.5542	-26.1625	-54.7748	218.963	246.108	242.269	249.924	250.621	281.437
20041118073736	43703	-37.302	-46.5432	-0.415838	-16.3017	-24.7763	-50.7124	218.704	245.277	241.136	249.185	251.009	281.108
20041118074833	43704	-35.3511	-46.3231	-0.907943	-19.0305	-25.6337	-54.4439	218.442	246.113	240.822	249.854	251.13	283.331
20041118105053	43705	-36.9051	-46.9232	-1.99787	-21.057	-26.0787	-54.5439	219.894	245.418	241.247	248.812	251.738	281.847
20041118031352	43706	-37.5718	-48.7754	-5.08705	-23.5835	-29.6882	-57.5559	219.244	245.819	240.344	249.651	250.973	282.046
20041118141907	43707	-38.6392	-47.7508	-5.51109	-25.279	-30.0464	-58.1209	218.576	244.799	241.997	250.38	251.933	282.46
20041118124235	43708	-37.1739	-47.2113	-5.40622	-24.31	-29.3206	-58.307	220.986	246.662	243.295	249.9	251.805	283.702
20041118061212	43709	-38.2673	-47.9762	-6.50679	-24.409	-28.1687	-56.624	220.129	245.527	242.081	248.912	251.699	281.252
20041118130411	43710	-37.0535	-47.4632	-2.86101	-21.9194	-19.9579	-46.7064	218.473	246.699	241.755	250.028	250.495	281.259
20041118123649	43718	-37.2293	-47.6098	-7.72061	-26.7256	-12.5876	-40.4785	219.026	244.47	241.348	250.241	249.895	279.739
20041118135031	43719	-35.6997	-45.8845	-3.60992	-22.1874	-2.64176	-29.1231	219.746	244.73	243.356	250.144	248.081	279.917
20041118152913	43720	-35.4155	-45.6308	-2.72938	-21.5317	-0.637694	-28.779	219.451	243.827	241.576	249.026	248.768	279.18
20041118091117	43721	-34.7607	-45.3001	-2.16137	-20.4956	3.82646	-23.8586	218.682	245.723	240.185	248.871	248.618	278.278
20041118165043	43722	-35.7384	-45.2588	-1.43235	-20.1667	1.76949	-23.167	220.171	243.191	240.784	249.456	249.493	280.547
20041118162858	43724	-35.7381	-45.5316	-3.49884	-22.1701	1.89407	-24.9792	218.35	245.835	241.715	250.394	247.679	279.73
20041118131544	43725	-36.7737	-47.2789	-3.01181	-22.8545	1.45984	-24.6642	219.049	244.6	241.735	248.995	249.04	278.804
20041118225535	43726	-37.2837	-47.4764	-4.19917	-23.5369	-0.144385	-26.7225	218.957	244.89	240.008	248.632	249.194	278.965
20041118210611	43728	-37.5681	-47.6568	-4.5639	-24.0192	-13.0206	-39.6103	220.026	247.304	240.127	249.068	250.007	282.214
20041118045017	43729	-37.7975	-47.1614	-0.958178	-21.5724	-8.46528	-35.5257	220.158	247.361	241.111	249.738	249.793	281.107
20041118162823	43730	-36.938	-47.035	-0.489589	-18.508	-4.64712	-32.3046	220.759	246.052	242.314	249.467	248.316	281.583
20041118093813	43731	-36.5461	-45.8183	2.67138	-15.5372	-1.91504	-31.155	219.544	246.2	238.287	249.012	249.348	280.431
20041118044356	43732	-36.7456	-45.4239	1.81194	-15.8883	-3.12453	-29.6324	219.524	246.425	240.12	248.454	248.935	279.704
20041118220521	43733	-37.6525	-47.3796	0.199075	-17.9766	-12.1357	-38.262	220.933	247.157	241.533	250.264	249.366	281.264
20041118131154	43734	-38.5375	-50.0543	-4.29	-24.8237	-26.2198	-54.4422	220.618	246.267	238.708	249.025	251.639	281.344
20041118222654	43735	-39.3562	-49.4261	-4.86979	-25.0522	-24.6766	-53.8873	220.616	247.158	240.033	250.023	250.496	282.688
20041118224237	43736	-40.0042	-50.0866	-3.01681	-21.8779	-25.5743	-53.6003	222.999	247.385	240.894	248.061	250.932	283.788
20041118081212	43737	-38.5191	-49.8285	-2.46209	-21.8429	-23.2571	-54.8647	221.031	246.626	240.747	249.293	251.849	283.193
20041118103821	43738	-38.6038	-49.909	-2.3733	-21.879	-28.524	-57.1532	223.693	247.163	240.107	249.751	250.92	284.573
20041119014846	43739	-38.3015	-50.2538	-1.83607	-20.2929	-25.9384	-57.1711	219.031	247.444	241.978	247.722	251.794	284.662
20041118133626	43740	-38.5111	-42.435	-3.88536	-19.9048	-34.248	-59.6696	219.97	246.719	238.236	249.414	252.515	284.405
20041118160551	43741	-38.5427	-42.1995	-3.27486	-19.6602	-33.8214	-60.4341	221.233	246.067	240.637	249.12	250.855	283.117
20041118032112	43742	-41.3765	-44.2113	-4.8481	-20.7811	-43.1277	-69.5993	222.868	246.769	240.306	248.942	253.656	284.885
20041118162203	43743	-40.7193	-43.7768	-5.41976	-21.4098	-45.1775	-71.2816	220.748	247.42	241.255	248.718	253.341	285.586
20041118172809	43744	-40.3962	-43.1303	-6.13236	-24.1984	-49.5773	-77.1702	219.665	246.529	240.413	249.02	255.194	287.158
20041118120927	43745	-38.2831	-41.5161	0.393876	-17.1633	-44.146	-71.7945	221.271	246.272	240.926	249.019	252.194	284.371
20041118085652	43746	-39.7655	-42.1174	1.93475	-14.0457	-45.4172	-72.3364	222.814	246.971	240.326	247.818	251.74	286.249
20041118083349	43747	-39.2062	-42.8149	1.5128	-14.3974	-45.9903	-73.6221	219.597	245.382	240.423	248.695	253.558	286.042
20041118192516	43748	-41.0688	-44.7081	-2.90661	-17.8776	-62.5814	-88.5046	222.708	247.539	240.59	249.036	257.032	288.546
20041118164647	43749	-41.5512	-45.7915	-7.21345	-22.0428	-69.9999	-97.9607	224.232	247.221	242.033	250.273	257.297	289.792
20041118174412	43750	-40.8031	-45.5221	-5.60263	-20.9275	-70.7723	-96.9128	220.919	247.786	240.073	249.65	257.577	289.259
20041118164541	43751	-42.2454	-44.558	-5.12614	-22.2061	-72.3827	-98.3991	224.373	247.739	241.293	249.276	257.027	289.857
20041118182123	43752	-41.1522	-47.4644	-6.13705	-22.2156	-76.9103	-104.597	221.589	247.989	242.057	248.924	258.485	290.638
20041118183524	43753	-44.186	-48.178	-9.60488	-26.4976	-85.9277	-115.353	225.736	248.991	241.13	247.966	262.648	292.8
20041118175516	43754	-43.1635	-49.5748	-11.1685	-28.4418	-95.926	-125.208	221.09	249.486	240.086	249.139	262.527	293.332
20041118122300	43755	-41.9109	-47.4232	-8.75604	-25.8431	-90.002	-118.84	221.785	249.04	240.956	248.723	260.409	294.217
20041118175352	43756	-42.4883	-46.3887	-7.57019	-22.787	-87.3299	-117.909	223.257	247.207	241.183	249.315	260.854	293.694
20041118191018	43757	-42.1084	-48.3651	-10.7333	-27.7922	-97.3633	-126.663	222.147	248.214	241.796	248.461	262.933	296.324
20041118181412	43758	-43.0743	-47.2982	-11.9954	-28.1358	-99.4657	-127.439	223.805	248.791	240.863	248.574	263.538	294.904
20041118173010	43759	-42.2709	-47.1596	-9.50167	-27.1772	-96.7069	-127.408	220.588	248.976	241.744	249.336	263.833	295.584
20041118113818	43760	-43.0009	-47.916	5.32311	-23.8015	-36.7115	-56.9501	223.475	249.111	240.89	248.769	261.339	290.716
20041118171039	43761	-41.245	-46.748	5.70749	-21.5943	-36.1652	-59.7952	223.013	250.703	239.007	248.388	261.165	292.162
20041118164800	43762	-42.4599	-45.4731	9.1314	-17.37	-35.319	-55.631	222.649	248.711	239.09	248.145	261.277	289.713
20041118234717	43763	-40.5791	-46.1224	8.91506	-17.9614	-34.0372	-56.6408	224.865	249.215	238.896	248.082	260.728	290.271
20041119014536	43764	-40.7831	-45.3297	9.18982	-17.3169	-32.6656	-57.2677	225.056	247.681	239.332	249.049	261.27	291.053
20041118111705	43765	-41.3568	-46.5	8.80118	-17.9988	-34.5882	-56.0955	225.185	248.381	238.559	247.853	261.22	290.087
20041118175838	43766	-41.2357	-45.9447	7.84251	-17.2629	-35.1272	-55.2095	223.334	249.301	239.659	246.959	261.029	290.019
20041118082407	43767	-38.509	-39.1231	17.6342	-8.20721	-16.287	-35.7112	220.959	246.891	238.666	247.482	259.982	286.801
20041118211756	43769	-39.1503	-42.7598	14.2233	-13.0308	-21.4477	-42.7259	221.313	246.229	239.015	248.205	260.584	289.013
20041119010232	43770	-40.2331	-42.6752	10.6934	-15.6249	-25.4946	-45.9042	220.687	248.929	237.133	247.611	259.601	290.382
20041118181112	43771	-41.2314	-44.3613	8.92193	-17.908	-30.2148	-52.3887	222.582	247.145	239.913	249.189	262.593	291.516
20041118233636	43772	-39.6076	-42.1886	11.5778	-15.7125	-23.1594	-45.3718	220.754	245.33	240.04	247.391	262.004	290.332
20041118165854	43773	-39.1382	-40.3665	13.203	-14.6544	-19.628	-42.1913	219.486	245.805	239.429	246.721	257.499	287.662
20041119021620	43776	-38.9388	-41.3721	11.8906	-15.7858	-19.9353	-42.0604	222.568	247.762	239.863	248.521	259.24	290.104
20041118195538	43777	-36.5778	-40.5069	-0.894646	-25.6486	-25.9185	-42.339	220.538	245.691	234.181	242.113	258.721	288.327
20041118173526	43778	-35.5677	-38.7395	-1.76001	-24.9393	-25.2471	-41.9941	218.242	244.219	235.197	242.697	258.872	287.1
20041118205435	43782	-36.4923	-40.125	14.0555	-13.1796	-13.9365	-35.0932	219.965	247.637	238.459	247.13	259	289.003
20041118230738	43783	-38.4998	-40.4402	13.2761	-14.4645	-17.9744	-38.8327	219.553	247.288	238.658	248.936	259.153	288.337
20041118223252	43784	-37.1559	-40.1508	12.6144	-16.1158	-19.9261	-40.4166	220.659	246.847	239.314	247.79	259.804	288.57
20041118134314	43785	-36.8024	-39.6256	10.731	-15.0636	-20.6022	-41.0995	221.166	247.097	238.782	247.223	258.913	289.515
20041118075528	43786	-36.7486	-38.5972	14.7383	-11.3667	-13.0866	-34.5501	220.981	245.781	238.734	247.509	259.454	288.16
20041118155716	43787	-37.3668	-39.6124	10.7495	-15.2234	-19.4658	-40.0761	221.227	245.991	238.555	248.143	258.607	289.87
20041118171855	43788	-37.6713	-40.3133	10.4595	-18.3097	-26.8398	-47.5381	220.389	245.906	238.729	247.928	261.23	290.052
20041118214407	43789	-37.0741	-37.7643	14.2878	-12.168	-19.9313	-40.4061	219.896	245.728	237.092	247.045	260.601	289.777
20041119022754	43790	-35.9485	-37.1607	16.8944	-9.76434	-15.7359	-37.2351	220.741	246.472	237.812	247.292	258.506	288.08
20041118231549	43791	-37.4996	-38.1423	14.2381	-14.366	-25.0019	-47.3952	220.233	246.813	237.568	247.263	259.205	289.787
20041118185105	43792	-37.6349	-39.7555	10.8251	-17.8087	-30.8268	-53.2803	221.192	247.697	238.716	246.55	260.567	290.323
20041119011533	43793	-39.3246	-40.4589	8.88311	-20.1294	-34.6476	-59.3238	220.824	246.631	238.855	247.492	262	293.033
20041118165543	43795	-38.6865	-43.6099	4.69275	-24.7181	-44.1776	-68.259	222.898	245.881	239.926	247.673	263.162	292.151
20041118184106	43796	-39.1246	-42.6491	3.21387	-25.15	-46.603	-68.7538	222.17	246.565	239.52	248.747	262.665	294.177
20041118234526	43797	-38.8418	-41.3874	3.87883	-26.0877	-41.2357	-62.884	218.692	247.497	239.73	248.093	263.349	293.908
20041118215359	43798	-37.1911	-39.9251	6.99987	-21.2495	-25.7857	-45.6293	223.695	245.213	239.865	248.424	258.737	288.918
20041118211213	43799	-36.409	-37.8902	7.77844	-20.3384	-13.2299	-30.267	220.532	244.133	238.373	248.523	257.565	286.434
20041118235843	43800	-36.8368	-37.8444	3.15175	-23.0506	-29.5794	-48.3136	220.202	244.103	238.808	248.102	257.573	286.807
20041119043107	43801	-35.3939	-37.6688	5.85723	-23.056	-18.2726	-37.8045	220.829	244.273	239.647	248.994	255.381	286.045
20041119020505	43802	-36.9034	-37.8024	1.88728	-25.4971	-21.6913	-40.7898	220.8	244.448	238.816	248.448	256.537	287.953
20041118165547	43803	-37.9034	-38.2075	0.957573	-28.4862	-17.8887	-39.0275	218.345	244.304	237.935	247.636	253.954	287.261
20041118211033	43807	-33.4185	-31.4835	9.498	-16.3727	26.274	11.5148	216.91	241.644	237.548	248.404	249.329	280.955
20041118193445	43808	-32.5938	-31.1018	8.1164	-17.9916	31.5918	16.2639	217.394	241.094	239.565	248.61	248.538	280.401
20041118172620	43809	-32.5224	-29.5736	11.4959	-15.0313	44.5885	31.1105	217.033	240.959	239.118	246.909	247.87	278.949
20041118215659	43810	-30.947	-30.6289	8.35655	-17.1971	52.2066	39.6485	216.584	241.287	236.803	247.887	247.865	277.805
20041118191711	43812	-29.5589	-26.6306	14.4305	-10.847	74.4646	63.0992	217.445	239.729	239.197	247.354	247.053	276.293
20041119061529	43813	-31.2298	-28.5149	7.30177	-19.523	73.8456	60.4302	216.944	239.373	240.258	247.024	246.405	276.679
20041119055042	43814	-30.4342	-27.9843	10.046	-17.0449	80.2988	69.1213	217.749	240.64	238.898	248.981	245.649	275.984
20041118131720	43815	-31.8961	-29.5086	4.82847	-22.0431	71.5953	60.4981	217.764	240.313	239.722	248.413	245.313	276.284
20041119020857	43816	-30.7556	-30.5123	1.52034	-27.2927	66.2201	53.6703	217.727	240.217	239.526	246.927	246.605	276.959
20041119045236	43817	-31.8745	-30.617	0.69168	-27.8628	66.4234	59.6126	218.214	241.028	238.436	248.041	246.716	277.394
20041119065414	43818	-31.0843	-29.7973	0.131363	-27.4943	68.9894	62.3018	218.145	242.339	238.884	247.614	246.23	277.11
20041119074016	43819	-31.3697	-30.0783	-1.97148	-30.4034	66.0247	59.0477	217.566	241.991	239.216	246.74	246.647	275.891
20041119072133	43820	-31.8759	-31.5265	-4.2866	-32.897	65.0807	56.1587	217.487	240.811	238.339	248.561	246.206	277.76
20041118185052	43821	-33.813	-31.3784	-4.08558	-33.2115	63.6065	54.5101	218.338	241.547	237.921	248.818	245.912	278.131
20041119012824	43822	-31.801	-30.2869	-3.03909	-31.7726	69.2115	61.1147	218.778	241.209	239.671	249.608	246.394	277.245
20041119012852	43823	-33.291	-29.8891	-2.02079	-31.0102	71.7239	64.3653	217.113	241.289	240.712	247.882	245.631	277.782
20041118220504	43824	-34.5565	-33.1255	-7.32521	-38.8222	61.5882	53.1307	217.873	241.064	240.618	249.066	247.252	277.514
20041118203827	43827	-34.4309	-36.297	-18.2103	-48.578	41.992	32.9073	218.054	241.811	234.152	248.467	243.059	277.534
20041119065537	43832	-35.8202	-36.5052	-15.4913	-47.3367	46.2952	34.6327	219.403	243.291	241.056	250.306	248.336	280.084
20041118154343	43833	-34.9624	-36.7752	-16.1653	-49.2249	44.9756	31.615	220.12	244.055	238.351	249.709	247.692	279.513
20041118232947	43834	-37.5912	-38.9847	-19.1554	-51.0497	39.5411	25.8604	218.822	244.656	242.249	250.929	247.994	280.44
20041119060932	43835	-35.9198	-35.8091	-12.7331	-44.2571	50.9765	36.1434	219.657	242.809	237.932	249.187	247.313	281.358
20041119035612	43836	-34.5385	-34.8166	-7.0074	-36.9551	55.7459	41.6867	219.389	243.75	239.149	248.76	246.968	279.773
20041119011838	43837	-36.6959	-34.1812	-7.39371	-36.7413	51.1342	39.5493	216.95	242.927	238.2	249.551	247.924	279.006
20041119040905	43838	-36.852	-35.5141	-5.95708	-35.8302	47.821	35.257	219.529	243.538	238.56	250.339	248.831	279.965
20041118174739	43839	-34.3932	-33.1852	-3.47369	-32.0275	52.1971	37.2826	219.319	241.653	238.193	247.726	247.718	280.145
20041119002339	43840	-32.2863	-31.5797	3.14903	-24.6752	-19.7032	-51.9566	218.234	240.953	237.067	249.02	250.722	280.795
20041119071109	43841	-31.5823	-29.6007	8.20151	-20.3925	-11.2477	-40.5863	220.417	242.796	238.471	247.766	249.188	278.941
20041119061841	43842	-33.1372	-33.624	0.286899	-29.2639	-30.8856	-63.263	221.165	243.03	238.377	248.442	253.596	283.167
20041118124427	43843	-34.2639	-34.1117	-0.24133	-31.7113	-37.4848	-70.9682	218.191	243.543	238.846	248.751	253.339	286.169
20041118205251	43844	-34.5172	-33.7037	-2.59093	-33.2142	-45.1209	-80.7706	218.177	243.51	236.851	249.329	254.977	287.009
20041119004730	43845	-34.2276	-34.4735	-2.25388	-31.2797	-47.6824	-82.2106	218.058	243.713	239.717	248.538	256.113	286.411
20041118164455	43846	-35.715	-34.5023	-4.30173	-34.5695	-54.6153	-56.7958	219.178	242.683	238.926	248.166	257.21	306.214
20041118193049	43851	-38.192	-39.145	-8.18057	-37.8321	-70.6696	-108.585	218.622	245.111	240.308	248.696	260.274	292.013
20041119023234	43852	-40.0854	-43.4091	-14.4386	-46.2786	-89.7464	-131.916	223.476	248.339	240.1	249.636	265.863	295.453
20041119014416	43853	-39.767	-43.3145	-15.9483	-47.5317	-100.022	-141.697	218.801	246.783	241.444	250.045	266.412	296.927
20041119034009	43854	-37.781	-42.1745	-13.4774	-46.4723	-103.739	-146.702	223.655	248.639	240.774	250.067	268.805	297.366
20041118192126	43855	-41.5826	-46.809	-19.6107	-52.4678	-119.471	-161.215	223.306	249.123	241.853	250.742	272.39	300.858
20041118212522	43856	-42.469	-46.4524	-20.66	-53.9323	-127.968	-171.194	221.419	247.464	240.579	250.867	274.578	302.582
20041119013509	43857	-42.7785	-47.5132	-20.3544	-52.8	-127.959	-173.905	222.415	249.12	240.905	249.851	275.769	304.008
20041119002946	43858	-41.2977	-47.6585	-20.9137	-49.9677	-131.999	-173.922	221.247	247.824	233.852	250.4	272.616	301.282
20041118214231	43859	-42.2087	-45.428	-15.5277	-46.8451	-127.337	-172.658	222.675	248.067	238.108	248.806	274.021	302.3
20041118235538	43860	-41.3557	-46.0109	-12.9169	-20.3325	-39.2129	-66.3434	224.895	248.322	242.004	251.248	261.028	291.896
20041118220203	43862	-43.1523	-47.1569	-14.6733	-20.9838	-47.7874	-76.8315	223.486	248.167	238.114	253.285	261.733	293.784
20041118212801	43863	-43.9864	-48.9253	-15.9388	-22.5704	-53.613	-84.7524	226.31	249.92	241.247	252.354	265.425	296.059
20041119030625	43864	-43.9074	-50.3323	-13.6307	-20.4503	-54.2007	-84.5213	222.673	251.546	240.498	251.601	265.516	295.626
20041119000033	43865	-43.2236	-48.7391	-10.7634	-17.238	-52.872	-83.8867	224.202	252.077	241.351	251.52	265.887	297.355
20041118215638	43866	-43.5554	-49.0384	-11.0801	-18.1411	-56.2243	-88.3969	222.853	249.962	240.962	251.474	264.38	297.995
20041118223437	43867	-44.6964	-50.6251	-11.9103	-18.2719	-63.5907	-93.0383	222.733	251.287	240.811	251.847	267.067	298.894
20041119021247	43871	-44.1598	-48.8457	-4.37942	-11.4938	-65.0079	-96.6015	222.207	251.062	238.644	249.584	268.936	298.132
20041118211630	43872	-44.5541	-48.7943	-3.18157	-10.0498	-69.6794	-101.11	225.329	250.44	239.512	251.908	270.229	300.345
20041118192217	43874	-44.2757	-49.2898	-3.0207	-9.72374	-76.5024	-107.778	226.357	252.988	239.393	250.741	271.905	301.399
20041119052326	43875	-45.935	-51.5978	-6.98869	-13.4897	-86.9461	-120.567	226.68	253.248	240.511	250.304	273.994	303.403
20041118235543	43876	-45.4497	-51.8243	-7.13314	-13.0636	-89.3673	-125.963	224.821	250.736	240.109	250.592	275.448	305.21
20041118174748	43877	-44.7326	-52.5855	-7.12351	-14.1826	-95.2281	-131.738	228.594	252.315	241.518	251.105	276.893	307.627
20041118043928	43878	-62.1827	-51.6685	13.0722	-21.7387	-111.607	-95.2327	220.522	251.437	254.538	250.447	278.896	222.85
20041118224419	43879	-48.9977	-55.2709	-11.9946	-18.873	-125.886	-163.463	228.027	254.952	239.565	251.008	284.279	314.785
20041119070321	43880	-46.8632	-55.3711	-11.8179	-18.0527	-124.984	-165.387	223.714	253.909	240.405	252.099	284.694	315.848
20041119003717	43881	-48.1945	-55.1264	-11.6565	-17.1599	-129.709	-165.855	230.077	255.395	242.12	251.861	285.855	315.609
20041118221005	43882	-48.4411	-56.6204	-15.6249	-20.3742	-136.424	-173.713	227.815	254.553	241.36	250.744	287.772	318.897
20041119055721	43883	-48.2767	-56.4935	-16.1649	-23.6096	-139.079	-177.832	226.489	254.477	241.374	252.184	288.153	317.818
20041119041620	43884	-47.538	-55.8206	-14.8986	-22.9065	-135.393	-173.724	229.065	254.6	240.145	252.023	287.683	317.204
20041119054612	43885	-47.5592	-55.5191	-16.0351	-22.6504	-136.323	-172.604	228.154	255.282	240.26	252.373	287.342	317.409
20041118194208	43886	-47.5219	-56.5389	-21.8875	-29.4851	-142.475	-179.14	230.235	255.002	241.994	251.578	288.059	318.604
20041119070204	43887	-48.4286	-56.3496	-24.8945	-31.9241	-142.79	-179.348	227.161	255.706	242.46	253.456	287.754	319.031
20041119082309	43888	-46.009	-56.2359	-24.0873	-32.4021	-140.633	-176.137	227.926	252.636	243.596	252.997	286.714	317.465
20041118181256	43889	-47.2457	-54.4207	-18.934	-26.1619	-129.467	-166.116	227.842	253.249	241.672	252.079	284.982	317.21
20041118213554	43890	-45.3895	-52.7879	-15.7986	-22.1887	-124.125	-158.006	227.455	252.803	241.726	251.295	284.771	313.296
20041118153906	43892	-47.2034	-55.4126	-22.0171	-30.5651	-132.554	-167.729	225.095	254.361	239.617	252.316	285.94	315.421
20041119041116	43894	-46.4807	-54.2665	-18.4746	-26.2724	-121.185	-156.924	221.582	252.287	240.914	251.947	281.921	314.668
20041119072015	43896	-46.2592	-54.9038	-20.6077	-29.6561	-122.31	-160.763	227.833	254.538	240.432	252.152	282.478	313.359
20041118223335	43897	-45.9566	-53.8228	-21.5113	-28.7609	-121.272	-158.078	223.526	252.041	242.023	252.854	282.412	313.514
20041118165541	43900	-39.9711	-51.4511	-13.0929	-7.86762	-76.7087	-154.526	212.039	252.786	239.918	233.998	226.197	330.827
20041119032438	43901	-42.814	-47.9626	-13.0175	-20.7702	-101.294	-135.713	225.503	250.352	240.285	252.708	278.858	308.677
20041119015812	43902	-43.1268	-51.4919	-14.3007	-21.4539	-104.013	-138.941	224.265	252.225	242.857	251.134	278.586	308.118
20041119092037	43903	-45.4646	-51.4853	-15.6326	-22.2943	-103.561	-137.367	225.508	251.489	239.035	250.913	276.676	308.498
20041119001530	43904	-44.0195	-50.5488	-14.6037	-20.8708	-99.953	-135.518	223.503	252.18	242.534	251.661	276.47	308.237
20041119082131	43905	-43.4853	-48.8422	-12.2194	-17.8226	-94.4767	-129.383	225.327	251.271	241.325	251.688	276.26	306.541
20041119073236	43906	-43.4129	-49.4277	-12.5785	-18.7725	-95.9044	-132.473	226.403	251.098	239.069	251.816	275.761	308.756
20041119082028	43981	-41.4445	-46.6847	4.45208	4.75472	-55.4305	-93.2861	224.429	252.214	235.089	246.933	270.963	302.087
20041119082959	43982	-40.7877	-43.6292	8.93907	8.3737	-47.8813	-86.8633	222.262	251.51	235.014	246.738	270.016	302.417
20041118063852	43989	-41.472	-43.0972	16.2468	27.9333	-31.0189	3.5767	221.945	251.204	237.727	210.008	266.288	311.316
20041119100008	43990	-44.268	-46.8764	14.3043	12.815	-40.3604	-72.7806	222.96	250.256	237.496	247.939	270.161	300.593
20041118211221	43991	-42.7982	-45.0796	14.6132	14.0655	-36.3	-70.6916	222.932	249.773	239.416	248.707	268.989	300.251
20041119042351	44000	-42.2259	-46.6178	16.7317	17.8022	-14.3291	-48.8868	222.875	248.337	237.896	247.335	269.946	301.767
20041119025444	44001	-35.6309	-39.9019	8.68915	-7.15207	-49.0656	-72.6118	221.994	243.887	236.173	243.664	257.715	289.382
20041118230516	44002	-35.3681	-38.6015	11.2615	-5.93966	-46.6578	-69.8835	218.489	246.175	235.4	244.344	256.644	288.187
20041119050211	44007	-37.1429	-39.9342	17.0502	0.82263	-23.9295	-49.4643	223.188	245.044	235.93	243.641	258.05	289.381
20041119020017	44008	-33.5507	-37.1015	22.5513	8.52744	-10.4907	-35.0372	219.453	243.991	234.458	243.24	255.452	288.972
20041119045753	44010	-32.3208	-34.3389	27.7583	15.8433	0.66434	-24.05	218.583	242.817	236.123	243.714	254.3	287.492
20041118171357	44011	-32.9447	-37.3045	18.7959	4.12636	-15.578	-38.6138	221.618	244.995	234.684	243.584	257.111	290.725
20041119064242	44012	-34.0896	-39.8558	16.0967	1.80462	-19.0862	-44.4608	220.206	245.034	236.857	244.433	256.312	289.862
20041119012018	44013	-34.6735	-37.4877	14.3336	-3.41232	-24.4768	-46.6089	216.461	241.807	233.213	246.15	258.057	289.807
20041119063514	44014	-36.0483	-39.3	15.2079	-2.18664	-25.8834	-50.4653	218.386	245.467	235.146	243.069	258.986	292.063
20041119074803	44017	-34.9437	-39.2699	15.7151	-0.728081	45.5994	16.1286	217.524	244.939	234.802	244.227	278.277	312.886
20041118184348	44018	-36.3845	-40.2161	14.1876	-1.02949	-5.31703	-31.9497	220.079	243.849	234.81	243.31	263.2	297.144
20041119021738	44019	-37.9286	-43.3658	6.98505	-10.6592	-19.4664	-46.952	221.232	246.095	236.263	245.006	264.145	298.683
20041119061702	44020	-36.1436	-42.4055	10.1005	-8.42244	-14.7492	-42.1648	222.224	245.618	234.478	244.07	264.163	298.698
20041119022749	44021	-35.4221	-41.9044	12.2002	-5.80466	-13.1142	-40.8251	220.26	245.047	233.348	243.356	262.297	297.166
20041119064729	44022	-36.9631	-41.6446	10.0259	-6.81298	-15.8237	-46.0027	224.033	245.846	235.314	245.185	263.112	297.545
20041119045627	44023	-35.5408	-42.0364	8.32845	-10.5896	-20.0136	-49.3493	220.525	245.028	235.038	245.476	264.284	297.913
20041119075512	44025	-37.0424	-43.829	5.89065	-14.6017	-25.6759	-56.1451	219.235	247.667	235.196	244.635	263.916	299.422
20041118083450	44036	-33.8982	-39.9241	-34.0888	-17.1717	-28.4883	-14.5672	212.136	241.415	199.8	243.111	257.464	225.413
20041119083235	44038	-37.0954	-41.8744	6.11257	-11.8718	-27.7128	-54.3478	221.295	245.732	236.593	244.123	264.71	300.047
20041119053436	44043	-38.5445	-45.4247	1.49694	-16.7519	-32.6786	-61.4086	219.774	245.562	234.799	245.14	264.564	300.94
20041119091909	44044	-37.357	-43.904	2.05726	-15.3686	-29.7025	-59.3001	221.226	246.991	236.971	244.948	264.571	299.13
20041119091829	44045	-38.4057	-45.9962	1.86831	-16.8474	-32.8493	-61.0125	220.416	246.77	237.627	244.789	264.839	298.799
20041119014814	44046	-38.7907	-45.0287	3.0953	-16.1465	-32.6944	-60.0468	221.337	247.825	235.895	244.9	265.267	298.669
20041119080446	44047	-38.2901	-46.9451	-1.66618	-19.5112	-39.9036	-69.3153	219.366	246.811	235.604	246.571	264.833	299.75
20041119071845	44048	-38.957	-46.6342	-0.377494	-19.2828	-40.1217	-69.0463	221.475	246.701	235.109	247.392	265.239	299.506
20041119052834	44049	-38.9892	-44.5187	2.58637	-15.1498	-32.3515	-61.5422	220.835	246.671	234.733	244.33	263.966	299.806
20041119003910	44050	-37.1479	-43.7928	6.39741	-13.6429	-31.145	-58.7595	218.44	247.336	235.626	244.794	264.221	299.925
20041118171550	44051	-37.9157	-43.5381	6.8083	-10.272	-27.4054	-55.3659	222.076	246.396	235.821	245.317	262.49	296.844
20041119034854	44052	-36.8174	-43.3888	5.21711	-12.9533	-30.8794	-59.2606	219.107	246.516	236.127	244.751	263.142	298.66
20041119005321	44055	-38.617	-45.0925	3.52552	-14.6394	-32.2627	-62.7536	220.106	247.196	234.372	245.128	264.844	301.605
20041119055347	44056	-37.3874	-44.0633	4.43007	-14.0886	-29.4684	-57.6616	221.219	246.627	235.555	244.331	263.604	297.737
20041119055059	44057	-37.56	-43.4756	6.94416	-9.16169	-20.4402	-48.7357	218.171	246.682	236.101	245.441	262.154	297.895
20041119080016	44058	-36.443	-43.4782	6.37431	-10.6903	-23	-50.733	219.515	246.998	235.45	245.036	262.942	297.583
20041119003820	44059	-36.0978	-43.7216	6.59926	-11.3712	-25.6005	-52.701	219.086	246.311	235.485	245.954	263.01	298.028
20041119060436	44061	-35.8056	-43.1561	10.622	-6.50365	-18.7376	-42.9036	221.189	245.905	236.952	244.853	260.359	297.268
20041119093703	44062	-34.3627	-41.0752	14.3435	-0.699534	-10.7513	-38.9952	217.787	245.881	235.911	244.48	260.456	295.736
20041119020053	44063	-34.442	-41.4649	13.901	-1.7766	-10.7713	-39.0643	220.661	247.808	234.676	243.756	260.191	296.045
20041119041517	44064	-35.0816	-41.7616	10.9967	-3.62746	-16.2436	-42.6331	220.719	246.077	235.031	243.808	260.905	294.346
20041119065949	44065	-35.1241	-43.3131	9.23986	-8.11545	-20.7285	-48.4706	222.172	245.543	236.787	244.906	263.218	298.631
20041119013911	44067	-36.5934	-41.9467	8.95092	-6.56148	-19.9959	-47.1837	218.832	246.378	235.179	246.278	262.003	297.474
20041118180451	44068	-35.991	-41.2704	9.81033	-6.89201	-20.2117	-48.0698	220.536	244.91	233.131	244.922	262.472	297.715
20041119044309	44069	-36.0888	-44.6767	6.11517	-11.5817	-30.8603	-57.8384	218.666	245.707	235.979	244.743	263.644	297.968
20041119051113	44072	-38.6081	-45.1735	4.8226	-12.1389	-32.0078	-60.0329	219.901	247.384	236.881	245.264	264.702	298.114
20041119021949	44073	-38.3998	-45.7841	1.29207	-15.0027	-38.2273	-68.334	219.223	246.47	234.822	245.76	266.222	301.13
20041119010026	44074	-39.6845	-46.6632	-1.85895	-22.1702	-46.2036	-76.7087	219.073	247.746	236.28	246.944	267.413	300.759
20041119074412	44075	-40.0438	-48.9991	-5.18436	-23.3327	-50.3733	-77.3843	221.102	249.797	236.942	246.03	267.299	301.501
20041119052028	44076	-38.3919	-47.2995	-1.24591	-19.3885	-43.6419	-71.2509	219.86	247.063	233.831	244.878	265.44	299.639
20041118225510	44077	-38.0439	-47.1688	-2.43507	-21.2137	-46.9217	-76.0805	220.19	247.492	235.661	244.521	267.274	301.002
20041119084519	44079	-40.2038	-49.5199	-9.22973	-29.3464	-61.1278	-92.2111	223.339	248.44	236.932	245.425	271.013	303.726
20041119094655	44080	-39.6755	-49.1451	-6.87708	-25.2928	-57.5408	-88.1649	221.877	247.998	237.73	245.282	269.688	304.599
20041119064854	44081	-39.4888	-50.3798	-7.9763	-27.289	-62.725	-91.4922	224.782	249.566	237.46	246.077	270.09	305.481
20041119020123	44082	-40.3616	-50.2169	-8.29768	-28.366	-61.7094	-92.0532	222.462	248.346	236.129	246.173	270.176	303.627
20041119090106	44083	-40.3459	-50.0965	-11.1907	-31.8991	-66.8077	-100.124	223.581	248.707	237.816	245.852	270.138	306.126
20041118200717	44084	-40.6623	-49.9841	-11.5129	-32.452	-70.6596	-102.123	222.662	249.679	238.297	247.189	271.488	305.855
20041119090045	44085	-38.7152	-49.7504	-10.8603	-30.7483	-67.8756	-98.0167	222.807	248.558	237.69	246.41	270.356	305.345
20041119074619	44088	-41.2198	-51.5924	-15.6446	-36.5725	-77.6521	-110.186	219.882	249.197	237.46	246.638	271.767	306.423
20041119064305	44093	-39.2586	-48.3298	-6.64466	-26.1155	-64.5279	-95.4431	220.836	248.866	237.953	246.921	270.831	304.44
20041119063443	44094	-38.6015	-47.2191	-7.19584	-28.7178	-63.9089	-94.6681	220.168	247.275	236.801	246.637	270.327	304.583
20041119041908	44095	-39.1814	-48.7684	-8.5825	-29.1221	-63.6033	-95.7036	220.308	247.195	236.92	246.157	269.895	304.885
20041119092046	44096	-38.817	-46.6343	-7.13232	-26.4408	-58.3499	-88.4634	223.178	248.009	235.143	246.393	268.49	301.735
20041119065256	44098	-39.1044	-47.0009	-6.78764	-26.9949	-58.7866	-88.9161	220.776	247.404	236.648	244.04	267.914	302.553
20041119071404	44099	-39.1106	-47.2164	-7.08976	-27.4741	-57.5387	-80.2452	219.39	248.491	236.346	245.893	267.209	297.833
20041119025844	44101	-35.7544	-43.4873	-2.65214	-26.6625	-50.0626	-80.2824	186.962	225.019	213.513	245.955	262.72	295.867
20041119020945	44102	-41.0395	-48.6164	1.91059	-23.1892	-22.6013	-76.7012	218.016	244.155	216.142	240.137	216.413	295.605
20041119094100	44104	-37.3226	-45.1027	-1.06091	-19.191	-33.585	-61.1346	221.31	245.806	235.38	246.145	261.843	297.97
20041119061037	44106	-39.4402	-45.3575	-5.14498	-25.9868	-36.9897	-63.5551	221.735	247.827	238.097	246.655	264.065	297.702
20041119041129	44114	-40.9547	-51.2418	-19.9382	-44.3142	-69.1108	-103.106	225.682	251.242	237.211	248.784	272.923	306.975
20041119050210	44117	-41.6845	-53.654	-24.5944	-49.1222	-77.4885	-110.489	222.564	252.265	239.556	249.287	273.294	309.168
20041119090954	44118	-42.12	-53.6467	-25.6766	-50.0849	-82.9005	-116.516	224.139	252.193	239.207	249.606	274.371	308.681
20041119095005	44125	-45.7623	-59.039	-42.07	-69.5374	-113.037	-145.409	225.654	254.025	241.65	251.245	283.161	316.414
20041119100211	44127	-46.0969	-59.3335	-41.4817	-70.5586	-110.845	-147.755	226.443	251.345	241.769	251.584	279.391	317.621
20041119094256	44129	-43.8261	-57.0956	-43.3114	-72.818	-106.248	-140.339	223.506	252.577	243.545	251.112	279.673	314.178
20041119051326	44130	-44.0321	-58.3936	-45.6738	-75.9037	-108.538	-142.16	224.967	253.321	241.78	251.764	280.353	316.804
