20041117190556	43490	0.1281	0.594029
20041117181042	43491	0.126891	1.20443
20041118080600	43492	0.128584	0.592904
20041117231502	43516	0.130566	0.703485
20041105020130	43524	0.134932	-0.792872
20041118054735	43525	0.131902	0.779706
20041118091743	43526	0.13208	0.706841
20041118203829	43527	0.13137	0.685121
20041117144207	43532	0.131233	0.685954
20041118043703	43533	0.131684	0.711341
20041116195938	43534	0.131232	0.716276
20041117143540	43658	0.131357	0.707471
20041117115411	43541	0.13121	0.711558
20041117121947	43547	0.131147	0.717179
20041117164401	43548	0.131492	0.715517
20041118013459	43549	0.131119	0.716468
20041117175433	43550	0.130904	0.707938
20041117230421	43551	0.131529	0.71484
20041117173123	43552	0.131461	0.715224
20041117090322	43553	0.131302	0.709387
20041118004114	43554	0.130892	0.711722
20041117221926	43555	0.131678	0.715874
20041117113401	43556	0.131325	0.713232
20041117172645	43557	0.131339	0.710609
20041117160741	43558	0.1313	0.709373
20041117121448	43561	0.130886	0.709509
20041117190649	43562	0.13162	0.705831
20041118040605	43563	0.13108	0.705354
20041117203443	43564	0.131297	0.709824
20041118105331	43565	0.131135	0.706732
20041118022959	43566	0.13134	0.701973
20041118045525	43567	0.130918	0.703591
20041117144214	43568	0.131561	0.705816
20041118061914	43569	0.130984	0.703159
20041117024127	43570	0.131564	0.70755
20041117065534	43571	0.131428	0.703368
20041117032724	43572	0.131352	0.705118
20041117062857	43574	0.131454	0.70731
20041117010618	43575	0.131313	0.704317
20041118014222	43576	0.131351	0.707056
20041118070515	43577	0.131286	0.694638
20041117230426	43578	0.131297	0.704493
20041117224727	43579	0.131321	0.705214
20041118035438	43580	0.131279	0.707993
20041117113200	43581	0.131108	0.70347
20041117192823	43582	0.131725	0.70344
20041117092947	43583	0.130874	0.707969
20041117034828	43584	0.131128	0.703667
20041108050832	43585	0.131667	0.717003
20041116201851	43586	0.131384	0.71492
20041118002127	43587	0.131283	0.710789
20041118012344	43588	0.131905	0.712022
20041118234102	43589	0.131622	0.711267
20041118061829	43590	0.131173	0.707696
20041118082532	43591	0.131066	0.711443
20041118040332	43592	0.131267	0.711198
20041118032718	43593	0.131731	0.707528
20041118071941	43594	0.13162	0.709759
20041118074647	43595	0.131211	0.71256
20041118092248	43596	0.131635	0.70909
20041118002708	43598	0.131621	0.701565
20041118050738	43599	0.13163	0.698217
20041118170346	43600	0.131831	0.702628
20041118170046	43601	0.131467	0.702956
20041117132413	43602	0.131508	0.703145
20041117042649	43603	0.131283	0.700319
20041117183406	43604	0.131397	0.700449
20041117115321	43608	0.131128	0.696836
20041117060158	43609	0.131659	0.703051
20041118042651	43610	0.131414	0.69865
20041118034912	43611	0.131395	0.700507
20041118032452	43612	0.131314	0.699639
20041118074216	43613	0.130932	0.70006
20041118165340	43614	0.131095	0.704291
20041118201257	43615	0.131214	0.704297
20041118152653	43616	0.131573	0.705264
20041118123720	43617	0.131059	0.705712
20041117223043	43618	0.131299	0.70841
20041118205540	43619	0.131585	0.707623
20041118140016	43620	0.131106	0.704476
20041117210239	43621	0.131453	0.706641
20041118050941	43622	0.131504	0.710229
20041117220324	43623	0.131565	0.706604
20041117163829	43624	0.131256	0.70277
20041117092155	43625	0.131299	0.702304
20041116212835	43626	0.131215	0.709411
20041117232339	43629	0.131094	0.704852
20041117124256	43630	0.131108	0.70733
20041117135312	43631	0.131157	0.712717
20041117113649	43632	0.131714	0.706278
20041117222718	43633	0.131122	0.703779
20041117120734	43634	0.131215	0.705
20041117020711	43635	0.131733	0.705531
20041117122425	43636	0.131852	0.704445
20041117145358	43637	0.131	0.706014
20041117143910	43638	0.131223	0.703702
20041118051016	43639	0.131563	0.705042
20041117104543	43640	0.131671	0.702083
20041117213430	43641	0.131338	0.706897
20041117091634	43642	0.131314	0.707321
20041117202535	43643	0.130982	0.70462
20041117113521	43644	0.131295	0.705874
20041117125650	43645	0.131519	0.705122
20041117115250	43646	0.13167	0.708274
20041118170916	43647	0.131198	0.70714
20041117120101	43648	0.130999	0.705628
20041118100659	43649	0.131059	0.709555
20041117132646	43650	0.131128	0.707903
20041117100843	43651	0.131633	0.704405
20041117200426	43652	0.131491	0.702206
20041117224211	43653	0.131382	0.707817
20041117122531	43654	0.131182	0.70175
20041118013857	43655	0.131375	0.703959
20041118085249	43656	0.131232	0.703517
20041116181711	43657	0.131651	0.7064
20041117224356	43658	0.130996	0.704268
20041117203732	43659	0.131464	0.706153
20041117210246	43666	0.132054	0.70362
20041119092825	43672	0.132171	0.705988
20041118215559	43675	0.132108	0.690952
20041119095028	43676	0.132041	0.702049
20041117062839	43677	0.132115	0.704558
20041117110447	43678	0.13161	0.701306
20041119061435	43679	0.13113	0.710021
20041119085506	43680	0.132056	0.69822
20041119073635	43681	0.131762	0.706543
20041117215629	43682	0.131688	0.703466
20041119045513	43683	0.131988	0.709965
20041119090916	43684	0.131951	0.705286
20041116183812	43685	0.131547	0.708303
20041119091508	43686	0.131195	0.698481
20041119094109	43687	0.130821	0.697074
20041118020324	43692	0.131803	0.706477
20041118150613	43693	0.13162	0.708608
20041118033439	43694	0.132173	0.707541
20041118093811	43695	0.131806	0.704622
20041118142215	43696	0.132067	0.707563
20041119023407	43697	0.132515	0.708675
20041118190507	43698	0.131896	0.707758
20041118023511	43700	0.131672	0.704179
20041118122650	43701	0.132136	0.70542
20041118022016	43702	0.131877	0.705905
20041118073736	43703	0.131931	0.708134
20041118074833	43704	0.131873	0.705257
20041118105053	43705	0.131751	0.706891
20041118031352	43706	0.131956	0.706796
20041118141907	43707	0.13211	0.706984
20041118124235	43708	0.131789	0.704583
20041118061212	43709	0.131957	0.705399
20041118130411	43710	0.132427	0.705151
20041118123649	43718	0.131911	0.708485
20041118135031	43719	0.132374	0.707384
20041118152913	43720	0.132418	0.705518
20041118091117	43721	0.131582	0.70275
20041118165043	43722	0.132163	0.706358
20041118162858	43724	0.132138	0.707547
20041118131544	43725	0.132203	0.708308
20041118225535	43726	0.132278	0.703017
20041118210611	43728	0.132534	0.706557
20041118045017	43729	0.132029	0.709297
20041118162823	43730	0.132177	0.706323
20041118093813	43731	0.131924	0.706447
20041118044356	43732	0.132226	0.705783
20041118220521	43733	0.131926	0.708523
20041118131154	43734	0.132166	0.708949
20041118222654	43735	0.131528	0.709095
20041118224237	43736	0.132432	0.709472
20041118081212	43737	0.131862	0.708245
20041118103821	43738	0.132431	0.708525
20041119014846	43739	0.131893	0.708925
20041118133626	43740	0.132051	0.707423
20041118160551	43741	0.13175	0.696491
20041118032112	43742	0.13199	0.699906
20041118162203	43743	0.131807	0.697053
20041118172809	43744	0.132416	0.695856
20041118120927	43745	0.132621	0.694408
20041118085652	43746	0.132312	0.699417
20041118083349	43747	0.132161	0.696811
20041118192516	43748	0.132581	0.697722
20041118164647	43749	0.132476	0.699561
20041118174412	43750	0.132078	0.693152
20041118164541	43751	0.132255	0.697165
20041118182123	43752	0.132392	0.69485
20041118183524	43753	0.132282	0.697896
20041118175516	43754	0.132275	0.696059
20041118122300	43755	0.132448	0.696092
20041118175352	43756	0.132131	0.696208
20041118191018	43757	0.132225	0.694112
20041118181412	43758	0.131771	0.695545
20041118173010	43759	0.132409	0.6995
20041118113818	43760	0.131944	0.697197
20041118171039	43761	0.132598	0.698714
20041118164800	43762	0.131952	0.693024
20041118234717	43763	0.132484	0.698282
20041119014536	43764	0.132124	0.700639
20041118111705	43765	0.132029	0.697285
20041118175838	43766	0.132279	0.700242
20041118082407	43767	0.131579	0.693456
20041118211756	43769	0.132294	0.699303
20041119010232	43770	0.132505	0.696851
20041118181112	43771	0.132189	0.697189
20041118233636	43772	0.131902	0.697118
20041118165854	43773	0.132195	0.700882
20041119021620	43776	0.131792	0.699279
20041118195538	43777	0.131645	0.706837
20041118173526	43778	0.131066	0.900104
20041118205435	43782	0.130891	0.691279
20041118230738	43783	0.131083	0.696398
20041118223252	43784	0.13147	0.697199
20041118134314	43785	0.131198	0.692387
20041118075528	43786	0.131419	0.693814
20041118155716	43787	0.130791	0.695993
20041118171855	43788	0.1311	0.693242
20041118214407	43789	0.130937	0.694364
20041119022754	43790	0.131205	0.689904
20041118231549	43791	0.130771	0.694698
20041118185105	43792	0.130779	0.693718
20041119011533	43793	0.130702	0.69044
20041118165543	43795	0.130771	0.698063
20041118184106	43796	0.13087	0.695453
20041118234526	43797	0.130861	0.693908
20041118215359	43798	0.13101	0.701325
20041118211213	43799	0.130626	0.697708
20041118235843	43800	0.130678	0.692449
20041119043107	43801	0.130883	0.697476
20041119020505	43802	0.130551	0.691893
20041118165547	43803	0.130651	0.691939
20041118211033	43807	0.130488	0.697175
20041118193445	43808	0.130368	0.695057
20041118172620	43809	0.131007	0.689802
20041118215659	43810	0.13048	0.695298
20041118191711	43812	0.130891	0.692981
20041119061529	43813	0.130681	0.693924
20041119055042	43814	0.130927	0.695424
20041118131720	43815	0.130636	0.696638
20041119020857	43816	0.130858	0.691815
20041119045236	43817	0.13036	0.694785
20041119065414	43818	0.131102	0.696554
20041119074016	43819	0.130657	0.691965
20041119072133	43820	0.130226	0.695434
20041118185052	43821	0.131051	0.69397
20041119012824	43822	0.130401	0.693413
20041119012852	43823	0.13025	0.692704
20041118220504	43824	0.130481	0.692062
20041118203827	43827	0.130298	0.696395
20041119065537	43832	0.130529	0.693105
20041118154343	43833	0.130923	0.693907
20041118232947	43834	0.130704	0.693853
20041119060932	43835	0.130056	0.696918
20041119035612	43836	0.130296	0.695119
20041119011838	43837	0.130648	0.697778
20041119040905	43838	0.130486	0.694102
20041118174739	43839	0.130419	0.695064
20041119002339	43840	0.130247	0.69633
20041119071109	43841	0.130726	0.695408
20041119061841	43842	0.130873	0.694818
20041118124427	43843	0.130962	0.697875
20041118205251	43844	0.130404	0.691957
20041119004730	43845	0.130703	0.690972
20041118164455	43846	0.130493	0.695249
20041118193049	43851	0.130563	0.695239
20041119023234	43852	0.130493	0.696425
20041119014416	43853	0.130512	0.693869
20041119034009	43854	0.130595	0.693001
20041118192126	43855	0.130469	0.696586
20041118212522	43856	0.130496	0.692024
20041119013509	43857	0.130335	0.690235
20041119002946	43858	0.130145	0.694503
20041118214231	43859	0.130665	0.694829
20041118235538	43860	0.130269	0.697375
20041118220203	43862	0.130219	0.696783
20041118212801	43863	0.130259	0.695589
20041119030625	43864	0.130081	0.69786
20041119000033	43865	0.12997	0.696235
20041118215638	43866	0.130654	0.696721
20041118223437	43867	0.130476	0.69465
20041119021247	43871	0.130518	0.696836
20041118211630	43872	0.130534	0.695075
20041118192217	43874	0.131222	0.694318
20041119052326	43875	0.130452	0.697601
20041118235543	43876	0.130535	0.69683
20041118174748	43877	0.130523	0.697574
20041118043928	43878	0.129467	0.684075
20041118224419	43879	0.130249	0.693339
20041119070321	43880	0.130564	0.700149
20041119003717	43881	0.130296	0.696928
20041118221005	43882	0.130676	0.701488
20041119055721	43883	0.130109	0.696739
20041119041620	43884	0.130216	0.696772
20041119054612	43885	0.130693	0.695512
20041118194208	43886	0.130176	0.696694
20041119070204	43887	0.13099	0.699911
20041119082309	43888	0.130338	0.699114
20041118181256	43889	0.130499	0.699394
20041118213554	43890	0.130666	0.694825
20041118153906	43892	0.130573	0.701527
20041119041116	43894	0.130349	0.696902
20041119072015	43896	0.130668	0.696966
20041118223335	43897	0.130838	0.693609
20041118165541	43900	0.129637	0.699696
20041119032438	43901	0.130516	0.699992
20041119015812	43902	0.130285	0.696489
20041119092037	43903	0.131153	0.699062
20041119001530	43904	0.130825	0.697044
20041119082131	43905	0.13111	0.696193
20041119073236	43906	0.131085	0.698248
20041119082028	43981	0.12947	0.700691
20041119082959	43982	0.129156	0.695721
20041118063852	43989	0.129701	0.671202
20041119100008	43990	0.129706	0.701124
20041118211221	43991	0.129505	0.705179
20041119042351	44000	0.129396	0.70128
20041119025444	44001	0.129003	0.699121
20041118230516	44002	0.129603	0.695751
20041119050211	44007	0.128689	0.705416
20041119020017	44008	0.128895	0.702079
20041119045753	44010	0.129078	0.705261
20041118171357	44011	0.129201	0.701453
20041119064242	44012	0.129223	0.703891
20041119012018	44013	0.129535	0.658294
20041119063514	44014	0.128934	0.69359
20041119074803	44017	0.128705	0.700931
20041118184348	44018	0.129209	0.703211
20041119021738	44019	0.129118	0.700146
20041119061702	44020	0.12928	0.701557
20041119022749	44021	0.128735	0.702339
20041119064729	44022	0.128769	0.702191
20041119045627	44023	0.129287	0.702209
20041119075512	44025	0.129033	0.703108
20041118083450	44036	0.127748	0.929071
20041119083235	44038	0.12903	0.707905
20041119053436	44043	0.128723	0.706523
20041119091909	44044	0.129346	0.706954
20041119091829	44045	0.128947	0.710874
20041119014814	44046	0.128871	0.702147
20041119080446	44047	0.129251	0.70808
20041119071845	44048	0.127977	0.708516
20041119052834	44049	0.12925	0.708083
20041119003910	44050	0.129301	0.704018
20041118171550	44051	0.129153	0.712515
20041119034854	44052	0.12934	0.704438
20041119005321	44055	0.129544	0.696961
20041119055347	44056	0.12963	0.694343
20041119055059	44057	0.129057	0.697995
20041119080016	44058	0.129973	0.695641
20041119003820	44059	0.129133	0.697755
20041119060436	44061	0.129108	0.693008
20041119093703	44062	0.129235	0.693487
20041119020053	44063	0.129214	0.690178
20041119041517	44064	0.12908	0.691024
20041119065949	44065	0.129781	0.69441
20041119013911	44067	0.129391	0.695063
20041118180451	44068	0.129141	0.692321
20041119044309	44069	0.129225	0.696605
20041119051113	44072	0.12924	0.694562
20041119021949	44073	0.129313	0.69678
20041119010026	44074	0.129147	0.689884
20041119074412	44075	0.129687	0.693877
20041119052028	44076	0.129249	0.694236
20041118225510	44077	0.129338	0.693617
20041119084519	44079	0.129262	0.694081
20041119094655	44080	0.129612	0.694226
20041119064854	44081	0.128851	0.691891
20041119020123	44082	0.129359	0.697944
20041119090106	44083	0.129213	0.692606
20041118200717	44084	0.128933	0.692436
20041119090045	44085	0.129487	0.688619
20041119074619	44088	0.129375	0.696023
20041119064305	44093	0.129264	0.693343
20041119063443	44094	0.129147	0.685554
20041119041908	44095	0.129495	0.695526
20041119092046	44096	0.129181	0.692408
20041119065256	44098	0.129008	0.692521
20041119071404	44099	0.129437	0.693212
20041119025844	44101	0.136371	0.70028
20041119020945	44102	0.136203	0.692267
20041119094100	44104	0.12962	0.692641
20041119061037	44106	0.129894	0.69246
20041119041129	44114	0.129478	0.682127
20041119050210	44117	0.129614	0.680293
20041119090954	44118	0.129277	0.68549
20041119095005	44125	0.129364	0.682214
20041119100211	44127	0.129459	0.684416
20041119094256	44129	0.129768	0.68778
20041119051326	44130	0.129751	0.678925
