20041117190556	43490	0.020575	0.012194	0.94031	0.010579	1.11412	0.007079	1.19051	0.006411
20041117181042	43491	0.020744	0.01219	0.940411	0.010435	1.11445	0.006168	1.14745	0.096414
20041118080600	43492	0.020617	0.012235	0.940296	0.010505	1.11477	0.005444	1.19143	0.00592
20041117231502	43516	0.018894	0.014347	0.93917	0.012035	1.11258	0.009266	1.19004	0.008056
20041105020130	43524	0.017619	0.017011	0.939485	0.012866	1.11242	-0.004605	1.18379	0.003704
20041118054735	43525	0.019782	0.013782	0.940083	0.011588	1.11336	0.010226	1.19058	0.007525
20041118091743	43526	0.019704	0.013777	0.940082	0.011703	1.11354	0.00694	1.19062	0.006493
20041118203829	43527	0.018984	0.014292	0.939537	0.01233	1.11319	0.008001	1.18999	0.007852
20041117144207	43532	0.019087	0.014225	0.93939	0.012236	1.11328	0.007601	1.19064	0.007215
20041118043703	43533	0.019861	0.013681	0.940032	0.011622	1.11332	0.007738	1.19016	0.007326
20041116195938	43534	0.019575	0.013746	0.939936	0.011437	1.11494	0.007525	1.19007	0.007283
20041117143540	43658	0.019259	0.013826	0.939053	0.01185	1.11225	0.008633	1.18972	0.006624
20041117115411	43541	0.019742	0.013467	0.939984	0.011582	1.11399	0.007769	1.19053	0.007343
20041117121947	43547	0.019713	0.013486	0.939946	0.011529	1.11413	0.007661	1.19005	0.007201
20041117164401	43548	0.019734	0.013532	0.939953	0.011658	1.11362	0.008006	1.18995	-0.007112
20041118013459	43549	0.019873	0.013501	0.939982	0.011438	1.11362	0.00792	1.19074	0.007458
20041117175433	43550	0.019563	0.013864	0.940001	0.011623	1.11401	0.006963	1.19033	0.007361
20041117230421	43551	0.019658	0.013613	0.939894	0.011558	1.11354	0.008342	1.19062	0.006824
20041117173123	43552	0.019543	0.013524	0.939738	0.011562	1.11429	0.008726	1.18994	0.007758
20041117090322	43553	0.019597	0.013617	0.939894	0.011592	1.11374	0.006758	1.19086	0.006294
20041118004114	43554	0.019777	0.01363	0.939918	0.011594	1.11363	0.007568	1.19037	0.006748
20041117221926	43555	0.019656	0.013717	0.940055	0.011524	1.11327	0.007558	1.18888	0.007947
20041117113401	43556	0.019706	0.013458	0.939809	0.011692	1.1138	0.008017	1.19003	0.007575
20041117172645	43557	0.019731	0.013588	0.939973	0.011607	1.11362	0.007005	1.19075	0.006538
20041117160741	43558	0.019752	0.013702	0.939828	0.011578	1.11332	0.007562	1.18994	0.00771
20041117121448	43561	0.019726	0.013527	0.939815	0.011545	1.11437	0.006825	1.19045	0.00662
20041117190649	43562	0.019607	0.013616	0.939765	0.011581	1.11357	0.008966	1.1909	0.007329
20041118040605	43563	0.019676	0.013657	0.939803	0.011605	1.11311	0.007422	1.19055	0.007123
20041117203443	43564	0.019536	0.01379	0.939797	0.011671	1.11374	0.007308	1.19069	0.007469
20041118105331	43565	0.019606	0.013821	0.939758	0.011676	1.11373	0.007362	1.19016	0.007082
20041118022959	43566	0.019666	0.013714	0.93974	0.011695	1.11392	0.008532	1.19036	0.008
20041118045525	43567	0.019708	0.013522	0.93986	0.011716	1.11379	0.007006	1.19032	0.006502
20041117144214	43568	0.019796	0.013457	0.939824	0.011693	1.11384	0.007457	1.19105	0.007755
20041118061914	43569	0.019669	0.01363	0.939791	0.011727	1.1137	0.008394	1.19049	0.006961
20041117024127	43570	0.0196	0.013641	0.939791	0.011831	1.11449	0.007736	1.19108	0.008088
20041117065534	43571	0.019543	0.013711	0.939712	0.011735	1.11436	0.007449	1.19031	0.006284
20041117032724	43572	0.019519	0.013718	0.939765	0.011596	1.11365	0.006693	1.19081	0.006639
20041117062857	43574	0.019685	0.01362	0.939755	0.011761	1.11358	0.007852	1.19025	-0.00814
20041117010618	43575	0.019651	0.01376	0.939641	0.011687	1.11383	0.008013	1.1904	0.007626
20041118014222	43576	0.01973	0.013817	0.940112	0.011632	1.11399	0.008421	1.19068	0.007094
20041118070515	43577	0.019675	0.01378	0.939816	0.011748	1.11358	0.008943	1.19101	0.00731
20041117230426	43578	0.019855	0.013639	0.940083	0.011552	1.11316	0.007792	1.19076	0.007741
20041117224727	43579	0.019911	0.013682	0.9402	0.011642	1.11434	0.006911	1.19062	0.008123
20041118035438	43580	0.019765	0.013706	0.94014	0.011704	1.11411	0.006664	1.19141	0.006468
20041117113200	43581	0.019809	0.013837	0.940295	0.011722	1.11401	0.008273	1.1901	0.007694
20041117192823	43582	0.019774	0.013837	0.939955	0.011636	1.11486	0.006626	1.1905	0.007246
20041117092947	43583	0.019781	0.013672	0.940054	0.011589	1.11472	0.007617	1.19131	0.007915
20041117034828	43584	0.01984	0.013915	0.940083	0.011455	1.11401	0.00809	1.19028	0.007627
20041108050832	43585	0.019689	0.013735	0.940092	0.011431	1.11282	0.006541	1.19234	0.006923
20041116201851	43586	0.019734	0.013665	0.940016	0.01159	1.11411	0.007454	1.19038	0.006707
20041118002127	43587	0.019655	0.013558	0.940048	0.011643	1.11363	0.008922	1.19105	0.008095
20041118012344	43588	0.019806	0.013566	0.94008	0.011663	1.11458	0.008251	1.19048	0.007277
20041118234102	43589	0.019707	0.013488	0.93989	0.011577	1.11409	0.007781	1.19079	0.007334
20041118061829	43590	0.01978	0.013723	0.940064	0.011572	1.11336	0.008267	1.1904	0.008003
20041118082532	43591	0.019775	0.013568	0.939965	0.011489	1.11314	0.008443	1.19046	0.007951
20041118040332	43592	0.019741	0.013638	0.939967	0.011656	1.11368	0.008178	1.19064	0.007285
20041118032718	43593	0.019474	0.013665	0.939482	0.011574	1.11372	0.00766	1.18918	0.007955
20041118071941	43594	0.01976	0.013703	0.940036	0.011582	1.11424	0.008328	1.19093	0.006657
20041118074647	43595	0.019812	0.013793	0.940048	0.011499	1.11315	0.007129	1.19144	0.007429
20041118092248	43596	0.019724	0.013542	0.940124	0.011629	1.11373	0.00851	1.19068	0.008542
20041118002708	43598	0.019652	0.013783	0.939707	0.011687	1.11374	0.007705	1.18983	0.007332
20041118050738	43599	0.019407	0.0138	0.939418	0.011875	1.11343	0.008348	1.19002	0.00777
20041118170346	43600	0.019801	0.01364	0.940104	0.011713	1.11415	0.008014	1.19003	0.007449
20041118170046	43601	0.019637	0.013768	0.940066	0.011765	1.11416	0.008862	1.19079	0.008061
20041117132413	43602	0.01976	0.013711	0.940013	0.011636	1.11425	0.0078	1.19028	-0.00759
20041117042649	43603	0.0195	0.013998	0.939917	0.011831	1.11345	0.009049	1.18979	0.007598
20041117183406	43604	0.019483	0.013529	0.939514	0.011586	1.11287	0.008392	1.18967	0.007372
20041117115321	43608	0.021901	0.014522	0.945201	0.012083	1.11819	0.008388	1.19501	0.008077
20041117060158	43609	0.019791	0.01375	0.940174	0.01176	1.11394	0.007583	1.1908	0.007239
20041118042651	43610	0.019751	0.013825	0.940227	0.011875	1.11357	0.007773	1.19138	0.006873
20041118034912	43611	0.01961	0.013946	0.940087	0.01166	1.11416	0.007221	1.19091	0.00666
20041118032452	43612	0.019675	0.013834	0.940079	0.011904	1.11417	0.008418	1.19059	0.007276
20041118074216	43613	0.019674	0.013943	0.940107	0.011846	1.11391	0.008029	1.18974	0.007772
20041118165340	43614	0.019814	0.013632	0.940118	0.011768	1.11393	0.008101	1.19111	0.007124
20041118201257	43615	0.019945	0.013614	0.940118	0.011608	1.11488	0.008527	1.19078	0.00716
20041118152653	43616	0.019789	0.013596	0.940054	0.011667	1.11458	0.008053	1.19084	0.007245
20041118123720	43617	0.01978	0.013703	0.940117	0.011565	1.11416	0.008168	1.19128	0.007026
20041117223043	43618	0.019883	0.013725	0.940166	0.011685	1.11398	0.007081	1.19091	0.006967
20041118205540	43619	0.019716	0.013664	0.940031	0.011769	1.11348	0.007793	1.19092	0.006916
20041118140016	43620	0.019725	0.013706	0.939957	0.011661	1.11457	0.006506	1.19018	0.007059
20041117210239	43621	0.019874	0.013476	0.940027	0.011655	1.11428	0.007607	1.19084	0.006625
20041118050941	43622	0.019751	0.013676	0.939935	0.011736	1.11334	0.007183	1.18974	0.007367
20041117220324	43623	0.01971	0.013707	0.940053	0.011676	1.11294	0.007666	1.19117	0.007206
20041117163829	43624	0.019571	0.013817	0.939916	0.011645	1.11404	0.00642	1.19038	0.006563
20041117092155	43625	0.019553	0.013864	0.939573	0.011837	1.11429	0.007883	1.18978	0.007102
20041116212835	43626	0.019796	0.013796	0.940074	0.011797	1.11345	0.009352	1.19083	0.007782
20041117232339	43629	0.019965	0.013631	0.940355	0.011757	1.11344	0.009018	1.19167	0.007808
20041117124256	43630	0.019721	0.013498	0.939527	0.01172	1.11369	0.008208	1.18913	0.007415
20041117135312	43631	0.019436	0.013542	0.939469	0.011554	1.1137	0.008107	1.19094	0.007544
20041117113649	43632	0.019398	0.013509	0.939113	0.011505	1.11265	0.007201	1.18858	0.007351
20041117222718	43633	0.01914	0.013705	0.938742	0.011664	1.11294	0.007334	1.18925	0.008129
20041117120734	43634	0.019311	0.013645	0.939125	0.01168	1.113	0.008357	1.19027	0.00747
20041117020711	43635	0.019213	0.013537	0.938921	0.011675	1.11291	0.007546	1.18954	0.007498
20041117122425	43636	0.01938	0.013562	0.938888	0.0117	1.11302	0.008224	1.19004	0.007766
20041117145358	43637	0.019145	0.013589	0.938829	0.011722	1.11311	0.007322	1.18972	0.007725
20041117143910	43638	0.019047	0.013589	0.938604	0.01176	1.11251	0.007619	1.19011	0.008343
20041118051016	43639	0.019059	0.013731	0.938604	0.011796	1.11269	0.007381	1.18862	0.007461
20041117104543	43640	0.019375	0.013667	0.939072	0.011688	1.11254	0.007513	1.18996	0.006431
20041117213430	43641	0.019346	0.013749	0.939046	0.011625	1.1125	0.007475	1.19018	0.007147
20041117091634	43642	0.019163	0.013335	0.93862	0.011681	1.11275	0.007951	1.18818	0.008106
20041117202535	43643	0.019465	0.013743	0.93928	0.011745	1.11292	0.00848	1.18974	0.006638
20041117113521	43644	0.019287	0.013772	0.938908	0.011631	1.11308	0.008189	1.19008	0.006323
20041117125650	43645	0.019174	0.013473	0.938785	0.011787	1.11306	0.008347	1.18881	0.008356
20041117115250	43646	0.019015	0.013595	0.938335	0.011724	1.1119	0.007316	1.18925	0.006629
20041118170916	43647	0.018996	0.013412	0.938426	0.011742	1.1126	0.008186	1.18933	0.007458
20041117120101	43648	0.018851	0.01361	0.938148	0.011757	1.11135	0.009523	1.18846	0.009484
20041118100659	43649	0.019373	0.013544	0.939171	0.011782	1.11337	0.007982	1.18992	0.007704
20041117132646	43650	0.019423	0.013604	0.939409	0.011945	1.11461	0.007887	1.18917	0.007828
20041117100843	43651	0.019924	0.013649	0.940407	0.011629	1.11512	0.00642	1.19172	0.006687
20041117200426	43652	0.019056	0.013838	0.938764	0.01182	1.1131	0.007193	1.18901	0.008088
20041117224211	43653	0.018811	0.013628	0.938123	0.011822	1.11129	0.0079	1.18848	0.007078
20041117122531	43654	0.019163	0.013636	0.938814	0.011705	1.11261	0.008944	1.18944	0.007718
20041118013857	43655	0.019711	0.01363	0.939978	0.01175	1.11383	0.0081	1.19021	0.008159
20041118085249	43656	0.019424	0.013589	0.939267	0.011786	1.11248	0.008619	1.19052	0.007537
20041116181711	43657	0.019535	0.013304	0.939063	0.011717	1.11341	0.008244	1.19007	0.007465
20041117224356	43658	0.01921	0.013742	0.939234	0.011679	1.1125	0.007507	1.18991	0.007144
20041117203732	43659	0.019466	0.013769	0.939239	0.011666	1.11297	0.008521	1.18974	0.008276
20041117210246	43666	0.019811	0.013735	0.939969	0.011881	1.11422	0.007063	1.19141	0.006695
20041119092825	43672	0.019703	0.013795	0.939976	0.011679	1.1131	0.007641	1.19006	0.007596
20041118215559	43675	0.021573	0.013281	0.941385	0.01118	1.13921	0.000601	1.2075	-0.003158
20041119095028	43676	0.020801	0.012464	0.940776	0.010823	1.11482	0.006588	1.19139	0.006085
20041117062839	43677	0.019886	0.013714	0.940245	0.011764	1.11358	0.007654	1.19074	0.007494
20041117110447	43678	0.019758	0.013803	0.940108	0.011682	1.11402	0.008565	1.19097	0.008529
20041119061435	43679	0.019506	0.013681	0.939407	0.011582	1.11374	0.007459	1.18944	0.007966
20041119085506	43680	0.019355	0.013659	0.939425	0.011724	1.11413	0.008426	1.18937	0.006792
20041119073635	43681	0.019844	0.013712	0.94035	0.011619	1.11335	0.008275	1.19104	0.00761
20041117215629	43682	0.020059	0.0137	0.940663	0.011669	1.11475	0.006151	1.16283	0.053358
20041119045513	43683	0.019881	0.013573	0.940044	0.011824	1.11208	0.010145	1.19161	0.008555
20041119090916	43684	0.019513	0.013662	0.939783	0.01163	1.11286	-0.007173	1.19175	0.007711
20041116183812	43685	0.019692	0.01372	0.939813	0.011615	1.11428	0.007379	1.19191	0.006341
20041119091508	43686	0.020153	0.013624	0.94027	0.01178	1.11506	-0.007697	1.18856	0.01196
20041119094109	43687	0.019852	0.013277	0.940077	0.011558	1.11589	0.006846	1.18937	-0.005205
20041118020324	43692	0.019881	0.013762	0.940316	0.01172	1.11415	0.007794	1.19047	0.008522
20041118150613	43693	0.019807	0.013735	0.940034	0.011716	1.11368	0.008181	1.19048	0.007146
20041118033439	43694	0.019803	0.013675	0.940216	0.011556	1.11352	0.007501	1.19108	0.007746
20041118093811	43695	0.019679	0.013607	0.939964	0.011401	1.11337	0.00746	1.19098	0.007769
20041118142215	43696	0.019852	0.013624	0.940093	0.011555	1.11375	0.007288	1.19092	0.00691
20041119023407	43697	0.019847	0.013647	0.940151	0.01167	1.11387	0.007533	1.19103	0.007931
20041118190507	43698	0.019917	0.0137	0.940483	0.011588	1.11434	0.007691	1.19016	0.007655
20041118023511	43700	0.019989	0.013633	0.940307	0.011559	1.11386	0.00743	1.19042	0.006869
20041118122650	43701	0.019701	0.013651	0.940046	0.011661	1.11417	0.008937	1.1906	0.006524
20041118022016	43702	0.019469	0.013674	0.939928	0.011666	1.11377	0.00886	1.18953	0.007408
20041118073736	43703	0.019738	0.01355	0.939885	0.011573	1.11426	0.007965	1.19054	0.007182
20041118074833	43704	0.019706	0.013868	0.940092	0.011739	1.1136	0.008417	1.19036	0.007904
20041118105053	43705	0.019623	0.013729	0.94007	0.011593	1.11325	0.007272	1.19026	0.006464
20041118031352	43706	0.019706	0.013685	0.940044	0.011708	1.11452	0.007853	1.19062	0.00734
20041118141907	43707	0.019802	0.013807	0.940185	0.011716	1.11368	0.008214	1.19031	0.007654
20041118124235	43708	0.019669	0.0138	0.940083	0.011829	1.11416	0.007074	1.19029	0.006889
20041118061212	43709	0.019872	0.013737	0.940253	0.011596	1.11416	0.008277	1.19098	0.007993
20041118130411	43710	0.019703	0.0135	0.939996	0.011503	1.11389	0.007173	1.19144	0.005955
20041118123649	43718	0.019784	0.013521	0.939871	0.011523	1.11359	0.007149	1.18998	0.007344
20041118135031	43719	0.019808	0.013643	0.940141	0.01163	1.11384	0.008153	1.1908	0.006944
20041118152913	43720	0.019754	0.013694	0.940108	0.011786	1.11411	0.00707	1.19065	0.00716
20041118091117	43721	0.019747	0.013552	0.940109	0.011699	1.1143	0.00834	1.19022	0.007801
20041118165043	43722	0.019797	0.01376	0.940127	0.011709	1.11335	0.008031	1.19037	0.007749
20041118162858	43724	0.01983	0.013578	0.940072	0.011691	1.11433	0.008154	1.19002	0.008218
20041118131544	43725	0.019791	0.013624	0.940098	0.01167	1.11405	0.008339	1.1905	0.007691
20041118225535	43726	0.019596	0.013843	0.939856	0.011767	1.11345	0.008831	1.19049	0.007675
20041118210611	43728	0.019835	0.013742	0.940119	0.011522	1.11378	0.008718	1.19066	0.007168
20041118045017	43729	0.019883	0.013643	0.940182	0.01162	1.11404	0.008152	1.19121	0.007052
20041118162823	43730	0.019788	0.013686	0.940153	0.01149	1.11426	0.00734	1.19071	0.006877
20041118093813	43731	0.019884	0.013729	0.940225	0.011574	1.11368	0.009014	1.19014	0.008181
20041118044356	43732	0.019796	0.013695	0.940181	0.011628	1.1136	0.008047	1.19052	0.007109
20041118220521	43733	0.01978	0.013773	0.940223	0.011723	1.11363	0.007508	1.1907	-0.007504
20041118131154	43734	0.019803	0.013596	0.940401	0.01162	1.11394	-0.009099	1.19405	0.032612
20041118222654	43735	0.019726	0.013649	0.940148	0.011737	1.1139	0.007888	1.19013	0.00734
20041118224237	43736	0.019842	0.013824	0.94034	0.011433	1.11264	0.008597	1.19051	0.008089
20041118081212	43737	0.019795	0.013531	0.940251	0.011575	1.11354	0.00866	1.19077	0.00695
20041118103821	43738	0.019786	0.013611	0.940167	0.01151	1.11389	0.008507	1.1913	0.007081
20041119014846	43739	0.019811	0.01372	0.940163	0.01179	1.11401	0.008092	1.19087	0.007578
20041118133626	43740	0.019713	0.013826	0.94005	0.011681	1.11386	0.008263	1.19008	0.008912
20041118160551	43741	0.019776	0.013682	0.940094	0.011709	1.11405	0.007203	1.19087	-0.007205
20041118032112	43742	0.019946	0.013761	0.940586	0.011742	1.11398	0.007376	1.19082	0.006014
20041118162203	43743	0.019722	0.013611	0.940248	0.011619	1.11365	0.008358	1.19069	0.007252
20041118172809	43744	0.019799	0.013749	0.940029	0.011582	1.11351	0.007963	1.18971	0.008279
20041118120927	43745	0.019758	0.013685	0.940337	0.011554	1.11352	0.008349	1.19074	0.008235
20041118085652	43746	0.020112	0.013658	0.940949	0.011608	7.76388	0.039214	1.126	0.065927
20041118083349	43747	0.020072	0.013586	0.940667	0.01161	1.114	0.007964	1.19105	0.007661
20041118192516	43748	0.019894	0.013655	0.940117	0.011647	1.11337	0.007655	1.19035	0.008217
20041118164647	43749	0.019694	0.013535	0.940125	0.011505	1.1143	0.006826	1.19108	0.007768
20041118174412	43750	0.019676	0.013809	0.940091	0.011674	1.11475	0.00856	1.19014	0.00865
20041118164541	43751	0.019603	0.013749	0.940027	0.011666	1.11391	0.007699	1.19119	0.006564
20041118182123	43752	0.019797	0.013794	0.940017	0.011725	1.11411	0.005892	1.16568	0.059363
20041118183524	43753	0.019702	0.013739	0.93997	0.011605	1.11359	0.006557	1.19024	0.006595
20041118175516	43754	0.019925	0.013733	0.940495	0.011743	1.11443	0.007075	1.19147	0.007515
20041118122300	43755	0.019768	0.014002	0.940231	0.01177	1.11353	0.008513	1.19087	0.007396
20041118175352	43756	0.019742	0.013521	0.939986	0.011761	1.11385	0.007817	1.19056	0.007595
20041118191018	43757	0.019704	0.013434	0.939982	0.011594	1.11345	0.007794	1.19082	0.007085
20041118181412	43758	0.019686	0.013548	0.939812	0.011728	1.11335	0.008086	1.18956	0.008006
20041118173010	43759	0.019605	0.013673	0.939941	0.011613	1.11366	0.008316	1.19038	0.007304
20041118113818	43760	0.01974	0.013715	0.939827	0.01174	1.11377	0.008362	1.19074	0.007435
20041118171039	43761	0.019665	0.013618	0.939787	0.01162	1.11344	0.007464	1.19055	0.007024
20041118164800	43762	0.019544	0.013749	0.939729	0.011494	1.11329	0.007938	1.19064	0.006514
20041118234717	43763	0.019665	0.013657	0.939842	0.011725	1.11386	0.006497	1.19098	0.007323
20041119014536	43764	0.019618	0.013618	0.939813	0.011766	1.11344	0.008492	1.18984	0.007286
20041118111705	43765	0.019555	0.013552	0.939689	0.011611	1.11384	0.008014	1.19	0.007227
20041118175838	43766	0.019691	0.013592	0.93978	0.0117	1.1125	0.007897	1.19014	0.008275
20041118082407	43767	0.020094	0.013618	0.940731	0.011709	1.11486	0.007887	1.19084	0.005939
20041118211756	43769	0.020009	0.01368	0.94056	0.011661	1.11367	0.008352	1.19076	0.007442
20041119010232	43770	0.020095	0.013782	0.940764	0.01176	1.11463	0.008301	1.19107	0.006776
20041118181112	43771	0.020077	0.013692	0.940659	0.011586	1.11451	0.007854	1.19116	0.006729
20041118233636	43772	0.020038	0.013879	0.940712	0.011542	1.11386	0.00715	1.1914	0.006981
20041118165854	43773	0.019978	0.013886	0.940678	0.011622	1.11436	0.00798	1.191	0.007842
20041119021620	43776	0.020037	0.013591	0.940432	0.011537	1.11386	0.008171	1.19071	0.007507
20041118195538	43777	0.020372	0.013076	0.940698	0.011542	1.11391	0.00767	1.16069	0.081819
20041118173526	43778	0.021015	0.012346	0.940894	0.010664	1.11472	0.005579	1.15996	0.112343
20041118205435	43782	0.019712	0.013759	0.94004	0.011599	1.11403	0.006612	1.19104	0.006553
20041118230738	43783	0.019969	0.013776	0.940298	0.011455	1.11415	0.006832	1.19035	0.007953
20041118223252	43784	0.019832	0.013598	0.94019	0.011564	1.11457	0.008162	1.19106	0.007243
20041118134314	43785	0.019883	0.013743	0.940172	0.011448	1.11298	0.00843	1.19028	0.006665
20041118075528	43786	0.019777	0.013727	0.940155	0.011599	1.11369	0.008008	1.19131	0.006307
20041118155716	43787	0.01995	0.013647	0.940298	0.011473	1.1139	0.007053	1.19096	0.006313
20041118171855	43788	0.019892	0.013682	0.940344	0.011572	1.11364	0.007861	1.19076	0.00727
20041118214407	43789	0.019802	0.013482	0.940225	0.011609	1.11384	0.007725	1.19039	0.007642
20041119022754	43790	0.019836	0.013806	0.940247	0.011835	1.11339	0.008559	1.19085	0.00716
20041118231549	43791	0.019824	0.013987	0.940214	0.011542	1.11363	0.007876	1.19048	0.006998
20041118185105	43792	0.019801	0.013683	0.940173	0.011584	1.11449	0.007665	1.19092	0.007532
20041119011533	43793	0.019912	0.013715	0.940242	0.011622	1.11463	0.007455	1.19051	0.007056
20041118165543	43795	0.019863	0.013812	0.940156	0.011825	1.11378	0.008893	1.19023	0.007625
20041118184106	43796	0.019618	0.013854	0.940241	0.011671	1.11373	0.007997	1.19082	0.007179
20041118234526	43797	0.019849	0.01383	0.940119	0.01159	1.11388	0.007671	1.19024	0.007708
20041118215359	43798	0.019724	0.0135	0.940209	0.01154	1.11329	0.009247	1.19113	0.007182
20041118211213	43799	0.020138	0.013645	0.941093	0.011578	1.11452	0.007714	1.19161	0.007781
20041118235843	43800	0.019744	0.013601	0.940019	0.011769	1.11383	0.008391	1.19067	0.007532
20041119043107	43801	0.019873	0.0137	0.940315	0.011643	1.11444	0.008033	1.1897	0.008102
20041119020505	43802	0.019619	0.013554	0.939701	0.011695	1.11424	0.007565	1.19043	0.00697
20041118165547	43803	0.019677	0.01387	0.940089	0.011693	1.11405	0.007729	1.19059	0.007236
20041118211033	43807	0.019874	0.013657	0.940112	0.011502	1.11332	0.008939	1.19043	0.007693
20041118193445	43808	0.019871	0.013554	0.940393	0.011485	1.11336	0.008349	1.19084	0.007378
20041118172620	43809	0.019632	0.013731	0.940111	0.011657	1.11362	0.008275	1.19031	0.008584
20041118215659	43810	0.019824	0.013829	0.940295	0.011628	1.11436	0.008382	1.19004	-0.007371
20041118191711	43812	0.01983	0.013737	0.940283	0.011487	1.11369	0.007372	1.1912	0.007302
20041119061529	43813	0.01961	0.013415	0.939726	0.011884	1.11361	0.006214	1.19013	0.00793
20041119055042	43814	0.019851	0.013794	0.940348	0.01135	1.11404	0.008275	1.19069	0.007473
20041118131720	43815	0.019733	0.013473	0.940177	0.011561	1.11449	0.007288	1.19135	0.006721
20041119020857	43816	0.019794	0.01376	0.940201	0.011681	1.11438	0.007468	1.1905	0.006952
20041119045236	43817	0.019931	0.013689	0.940324	0.011483	1.11462	0.008545	1.19065	0.008492
20041119065414	43818	0.020142	0.013723	0.940896	0.011487	1.11443	0.00783	1.19111	0.007644
20041119074016	43819	0.020105	0.01386	0.940968	0.011435	1.11422	0.007323	1.19093	0.007143
20041119072133	43820	0.020128	0.013754	0.940842	0.011568	1.11462	0.007624	1.19158	0.006516
20041118185052	43821	0.020019	0.013798	0.940785	0.011396	1.11438	0.007409	1.19104	0.00817
20041119012824	43822	0.020125	0.013672	0.940566	0.011485	1.11462	0.008623	1.19082	0.006912
20041119012852	43823	0.019802	0.013612	0.940344	0.011552	1.11425	0.007459	1.1913	0.007228
20041118220504	43824	0.019867	0.013672	0.940005	0.011617	1.11373	0.007823	1.19052	0.007785
20041118203827	43827	0.019992	0.013814	0.940964	0.011696	1.11455	0.008255	1.19155	0.007525
20041119065537	43832	0.019726	0.013729	0.940161	0.01156	1.11369	0.007854	1.19144	0.006697
20041118154343	43833	0.019665	0.013767	0.940152	0.011752	1.11327	0.006867	1.191	0.007022
20041118232947	43834	0.019833	0.013693	0.940522	0.011737	1.11407	0.007214	1.19083	0.006972
20041119060932	43835	0.019956	0.013681	0.940447	0.011683	1.11394	0.007966	1.19073	0.006702
20041119035612	43836	0.019601	0.013715	0.939723	0.01162	1.11359	0.007915	1.18994	0.006744
20041119011838	43837	0.019698	0.013647	0.939898	0.011468	1.19561	0.006877	1.18927	0.006646
20041119040905	43838	0.01976	0.013688	0.939732	0.011712	1.11292	0.007643	1.1905	0.007151
20041118174739	43839	0.019485	0.013822	0.939589	0.011505	1.11386	0.007211	1.19003	0.007769
20041119002339	43840	0.019666	0.013541	0.939922	0.011487	1.11393	0.008267	1.19042	0.007793
20041119071109	43841	0.01978	0.013542	0.940023	0.01164	1.11336	0.007839	1.19048	-0.007243
20041119061841	43842	0.019681	0.013567	0.939821	0.011571	1.11419	0.006346	1.19047	0.007782
20041118124427	43843	0.019598	0.013636	0.939637	0.011562	1.1136	0.008514	1.19032	-0.006682
20041118205251	43844	0.019776	0.0135	0.939921	0.011544	1.11395	0.00708	1.19012	0.006775
20041119004730	43845	0.019653	0.013735	0.939744	0.011692	1.11347	0.00695	1.18984	0.007155
20041118164455	43846	0.019746	0.013536	0.939995	0.011447	1.11447	0.008637	1.19077	0.007765
20041118193049	43851	0.019754	0.013462	0.940008	0.011561	1.11454	-0.007611	1.19062	-0.006802
20041119023234	43852	0.019695	0.013702	0.940111	0.011683	1.11398	0.007494	1.19067	0.007921
20041119014416	43853	0.019685	0.01369	0.940041	0.011537	1.11395	0.008033	1.18964	0.009212
20041119034009	43854	0.019718	0.013553	0.939904	0.011679	1.11416	0.007795	1.1907	0.007084
20041118192126	43855	0.019721	0.013725	0.939939	0.01165	1.11347	0.007271	1.18994	0.007432
20041118212522	43856	0.019799	0.013633	0.939926	0.011666	1.11377	0.007734	1.1905	0.007725
20041119013509	43857	0.019629	0.013836	0.940008	0.011484	1.11417	0.006788	1.19013	0.006867
20041119002946	43858	0.019455	0.013753	0.939766	0.011618	1.11359	0.008237	1.18946	0.007401
20041118214231	43859	0.019613	0.013319	0.939967	0.011695	1.11203	0.008151	1.18125	0.022049
20041118235538	43860	0.019641	0.013815	0.93988	0.011477	1.1138	0.007841	1.1908	0.00662
20041118220203	43862	0.019659	0.013688	0.939904	0.011759	1.11361	0.007675	1.19072	0.006075
20041118212801	43863	0.019548	0.013731	0.939963	0.011627	1.11433	0.007109	1.19029	0.006033
20041119030625	43864	0.019657	0.013714	0.939836	0.011595	1.11392	0.007761	1.19083	0.007284
20041119000033	43865	0.019743	0.013666	0.940053	0.011635	1.11399	0.007009	1.19107	0.006395
20041118215638	43866	0.019777	0.013549	0.939968	0.011778	1.11334	0.00884	1.18972	0.00777
20041118223437	43867	0.019648	0.013586	0.940021	0.01176	1.11426	0.007615	1.19028	0.006441
20041119021247	43871	0.019683	0.013713	0.939892	0.01179	1.11348	0.00829	1.18978	0.00785
20041118211630	43872	0.019749	0.013697	0.939943	0.011648	1.11363	0.009055	1.19011	0.00815
20041118192217	43874	0.019767	0.013827	0.940098	0.011697	1.11364	0.008648	1.19106	0.007155
20041119052326	43875	0.019699	0.01377	0.939872	0.01172	1.11346	0.007917	1.19015	0.007977
20041118235543	43876	0.019762	0.013687	0.939761	0.011752	1.02604	0.041653	1.05435	0.748428
20041118174748	43877	0.019533	0.013945	0.939741	0.011578	1.11419	0.007251	1.18995	0.007581
20041118043928	43878	0.017954	0.011687	0.936784	0.010604	1.10878	0.000757	1.18674	0.007834
20041118224419	43879	0.019608	0.013694	0.939872	0.01182	1.11308	0.007924	1.1911	0.007311
20041119070321	43880	0.019715	0.013552	0.939853	0.011717	1.11358	0.007183	1.19091	0.007531
20041119003717	43881	0.019693	0.01356	0.939915	0.011545	1.11364	0.00735	1.19111	0.006924
20041118221005	43882	0.019657	0.013602	0.93995	0.011823	1.11276	0.007994	1.19053	0.007775
20041119055721	43883	0.019642	0.013678	0.939861	0.011774	1.11371	0.007481	1.1905	0.007161
20041119041620	43884	0.019805	0.013744	0.939798	0.011775	1.11455	0.006929	1.19009	0.006899
20041119054612	43885	0.019705	0.013748	0.939965	0.011735	1.1138	0.008058	1.19026	0.007462
20041118194208	43886	0.019665	0.013725	0.939777	0.011756	1.11422	0.006883	1.19003	0.006244
20041119070204	43887	0.019741	0.013667	0.939663	0.011712	1.11312	0.007136	1.19032	-0.006778
20041119082309	43888	0.019544	0.013853	0.939404	0.011787	1.11324	0.007838	1.18929	0.00781
20041118181256	43889	0.019564	0.01381	0.939533	0.011619	1.11345	0.007611	1.18967	0.006238
20041118213554	43890	0.019447	0.013771	0.939478	0.0117	1.82327	0.004726	1.13574	0.061488
20041118153906	43892	0.019528	0.013783	0.93957	0.01159	1.11355	0.005884	1.19077	0.005902
20041119041116	43894	0.019446	0.013772	0.9395	0.011777	1.11396	0.00642	1.19004	0.006379
20041119072015	43896	0.01954	0.013538	0.93945	0.011699	1.11286	0.00801	1.19047	0.008257
20041118223335	43897	0.019596	0.013836	0.939556	0.0117	1.11417	0.007157	1.19027	0.006956
20041118165541	43900	0.01942	0.013844	0.939391	0.011627	1.11371	0.007338	1.19184	0.006746
20041119032438	43901	0.019549	0.013739	0.939664	0.01171	1.11259	0.008029	1.19027	0.006911
20041119015812	43902	0.019576	0.013436	0.939485	0.011717	1.11343	0.007715	1.18911	0.008143
20041119092037	43903	0.019514	0.013582	0.939455	0.011744	1.11418	0.006662	1.19018	0.00678
20041119001530	43904	0.019584	0.013557	0.939413	0.011747	1.11369	0.007092	1.18959	0.006624
20041119082131	43905	0.019614	0.013688	0.939507	0.011786	1.11368	0.007429	1.18995	0.007098
20041119073236	43906	0.019672	0.013539	0.93967	0.011551	1.11242	0.008977	1.1902	0.007437
20041119082028	43981	0.019653	0.013847	0.939756	0.011576	1.11379	0.007625	1.19032	0.007298
20041119082959	43982	0.019897	0.014045	0.940313	0.011876	1.11428	0.007927	1.1905	0.007434
20041118063852	43989	0.018721	0.01573	0.938906	0.012244	1.10647	0.000527	1.19914	-0.002137
20041119100008	43990	0.019401	0.013541	0.939322	0.011664	1.11397	0.00707	1.19004	0.007104
20041118211221	43991	0.019481	0.013602	0.939615	0.011867	1.11343	0.007515	1.19029	0.007696
20041119042351	44000	0.019523	0.013698	0.939808	0.011667	1.11375	0.006595	1.19036	0.006574
20041119025444	44001	0.019566	0.01385	0.939912	0.011687	1.11424	0.008383	1.19063	0.007186
20041118230516	44002	0.019008	0.013837	0.938991	0.011623	1.11275	0.007446	1.18977	0.00799
20041119050211	44007	0.019568	0.013556	0.939434	0.011614	1.11386	0.007819	1.18969	0.007599
20041119020017	44008	0.019689	0.013791	0.939936	0.011746	1.11437	0.007881	1.19056	0.006608
20041119045753	44010	0.019581	0.013597	0.939895	0.011581	1.11397	0.007482	1.19116	0.006686
20041118171357	44011	0.019845	0.013512	0.940079	0.011537	1.11474	0.007335	1.19051	0.007055
20041119064242	44012	0.019728	0.013688	0.940119	0.011564	1.11374	0.007954	1.19042	0.00837
20041119012018	44013	0.018163	0.014728	0.938217	0.012776	1.11212	0.008824	1.18859	0.008089
20041119063514	44014	0.01956	0.013872	0.939951	0.011895	1.11398	0.007729	1.19038	0.007426
20041119074803	44017	0.019628	0.013737	0.940351	0.01149	1.11339	0.00786	1.19023	0.007145
20041118184348	44018	0.019942	0.013929	0.9407	0.011591	1.11438	0.008929	1.1907	0.008599
20041119021738	44019	0.020105	0.013811	0.941116	0.011801	1.11506	0.006972	1.19193	0.007161
20041119061702	44020	0.019782	0.013748	0.940356	0.011576	1.11347	0.008054	1.19098	0.007398
20041119022749	44021	0.019902	0.01371	0.940501	0.011724	1.11374	0.006843	1.19106	0.006119
20041119064729	44022	0.01977	0.013785	0.940288	0.011618	1.11447	0.00814	1.1903	0.008201
20041119045627	44023	0.01989	0.013769	0.940407	0.011557	1.11366	0.008854	1.19035	0.008318
20041119075512	44025	0.01991	0.013723	0.940357	0.011675	1.11401	0.007951	1.19104	0.007261
20041118083450	44036	0.020008	0.012646	0.94085	0.010956	1.11357	0.008927	1.18939	0.011211
20041119083235	44038	0.019739	0.013778	0.940351	0.011682	1.11463	0.007554	1.19103	0.007635
20041119053436	44043	0.019569	0.013689	0.940084	0.011685	1.11359	0.00862	1.19061	0.00764
20041119091909	44044	0.019686	0.013666	0.940144	0.011646	1.11397	0.007017	1.19092	0.006734
20041119091829	44045	0.019507	0.0136	0.939959	0.011606	1.11325	0.007753	1.19007	-0.007793
20041119014814	44046	0.019666	0.013865	0.939961	0.011648	1.11319	0.007254	1.19052	0.006311
20041119080446	44047	0.019609	0.013481	0.939986	0.011498	1.11401	0.007202	1.19019	0.007187
20041119071845	44048	0.019524	0.013562	0.939794	0.01182	1.11337	0.00817	1.19011	0.007266
20041119052834	44049	0.019387	0.013684	0.939671	0.011504	1.11415	0.006656	1.19026	0.006486
20041119003910	44050	0.019504	0.013789	0.93972	0.011517	1.11334	0.008228	1.18999	0.007538
20041118171550	44051	0.019731	0.013634	0.940133	0.011464	1.11356	0.007727	1.19099	0.007955
20041119034854	44052	0.019689	0.013706	0.940186	0.011574	1.11351	0.009939	1.19074	0.00753
20041119005321	44055	0.019476	0.013518	0.939832	0.01167	1.11317	0.007633	1.18932	0.007626
20041119055347	44056	0.019361	0.01388	0.939618	0.011861	1.1139	0.008162	1.19034	0.00757
20041119055059	44057	0.01955	0.0136	0.939739	0.011626	1.11352	0.008259	1.19022	0.007462
20041119080016	44058	0.019497	0.013712	0.939615	0.011613	1.1132	0.006403	1.18994	0.007071
20041119003820	44059	0.019543	0.013682	0.939853	0.011625	1.11238	0.007795	1.18999	0.007023
20041119060436	44061	0.019415	0.013722	0.939527	0.01159	1.11309	0.007054	1.19099	0.006853
20041119093703	44062	0.01945	0.013641	0.939709	0.011537	1.1147	-0.007794	1.19041	0.00787
20041119020053	44063	0.019523	0.013739	0.939761	0.011562	1.11376	0.007882	1.19056	0.007324
20041119041517	44064	0.019534	0.013618	0.939616	0.011756	1.11395	0.00749	1.19044	0.007627
20041119065949	44065	0.01941	0.013845	0.939774	0.011603	1.44162	-0.10585	1.18997	0.007106
20041119013911	44067	0.01954	0.013499	0.93963	0.011747	1.11415	0.00813	1.19051	0.007837
20041118180451	44068	0.019538	0.013601	0.939605	0.011646	1.11344	0.007753	1.19014	0.007597
20041119044309	44069	0.019493	0.013723	0.939685	0.01162	1.11268	0.007845	1.19052	0.006944
20041119051113	44072	0.019569	0.013645	0.939646	0.01164	1.1142	0.007122	1.18993	0.008343
20041119021949	44073	0.019408	0.013817	0.939756	0.011648	1.11315	0.006968	1.19045	0.006975
20041119010026	44074	0.019451	0.01376	0.939702	0.01181	1.11278	0.007903	1.18966	0.007393
20041119074412	44075	0.019608	0.013808	0.9399	0.01162	1.11356	0.007979	1.19009	0.006929
20041119052028	44076	0.019556	0.0138	0.939702	0.011693	1.11356	0.008048	1.19112	0.007522
20041118225510	44077	0.019541	0.013951	0.93984	0.011668	1.11354	0.007913	1.19085	0.007603
20041119084519	44079	0.019506	0.013673	0.939697	0.01184	1.11314	0.00888	1.19106	0.007049
20041119094655	44080	0.019516	0.013832	0.939783	0.01169	1.11393	0.007146	1.19052	0.006936
20041119064854	44081	0.019684	0.013702	0.939947	0.011733	1.113	0.007019	1.18976	0.007548
20041119020123	44082	0.019761	0.013884	0.940159	0.01159	1.11348	0.007044	1.19133	0.007152
20041119090106	44083	0.01952	0.013543	0.939897	0.011593	1.11329	0.007921	1.19056	0.007168
20041118200717	44084	0.019733	0.013656	0.939821	0.011632	1.11385	0.007162	1.19054	0.007005
20041119090045	44085	0.019343	0.01373	0.939685	0.011898	1.11307	0.007503	1.18958	0.007837
20041119074619	44088	0.019539	0.013826	0.939463	0.011721	1.11274	0.00698	1.19055	0.007276
20041119064305	44093	0.019642	0.01385	0.939817	0.011731	1.11375	0.008813	1.19012	0.007601
20041119063443	44094	0.019558	0.01382	0.939724	0.011752	1.11341	0.008524	1.19019	0.007467
20041119041908	44095	0.01958	0.013765	0.939677	0.01178	1.11379	0.007991	1.19031	0.006803
20041119092046	44096	0.019519	0.013788	0.939699	0.011825	1.11324	0.008807	1.18987	0.006604
20041119065256	44098	0.019518	0.013757	0.939731	0.011861	1.11411	0.006556	1.19	0.006287
20041119071404	44099	0.019737	0.013646	0.939957	0.011662	1.1141	0.00796	1.19005	0.006851
20041119025844	44101	0.019337	0.01371	0.939752	0.01187	1.1138	0.007351	1.18813	-0.007142
20041119020945	44102	0.019419	0.013862	0.939605	0.011607	1.1145	-0.007736	1.19092	0.006865
20041119094100	44104	0.019555	0.013493	0.9398	0.011606	1.11379	0.007731	1.18987	0.007811
20041119061037	44106	0.019703	0.013586	0.939902	0.011532	1.11337	0.007193	1.19057	-0.006689
20041119041129	44114	0.018002	0.014826	0.937609	0.012213	1.11118	0.007116	1.18923	0.006791
20041119050210	44117	0.017918	0.014797	0.937312	0.012105	1.11173	0.008576	1.18783	0.007337
20041119090954	44118	0.017963	0.014923	0.937248	0.012124	1.11188	0.008019	1.18879	0.007818
20041119095005	44125	0.017462	0.014791	0.936596	0.012456	1.11074	0.009389	1.18814	0.009344
20041119100211	44127	0.017771	0.015109	0.937099	0.012347	1.11119	0.007797	1.18724	0.006517
20041119094256	44129	0.017461	0.01494	0.936765	0.01251	1.11093	0.008301	1.18855	0.007709
20041119051326	44130	0.017438	0.015056	0.936681	0.012401	1.11034	0.009069	1.18729	0.008401
