30540 36
30541 17
30542 24
30570 25
30571 17
30574 8
30583 14
30587 14
30588 14
30589 12
30590 18
30592 8
30600 8
30601 18
30602 17
30603 18
30604 18
30605 18
30613 17
30614 20
30615 10
30616 18
30617 17
30618 18
30619 15
30622 18
30623 18
30624 18
30625 17
30626 17
30627 18
30628 18
30629 17
30631 8
30632 18
30633 18
30637 18
30641 16
30676 21
30677 18
30678 17
30681 9
30682 9
30685 15
30686 18
30687 9
30693 18
30694 19
30696 18
30697 18
30698 10
30699 18
30700 26
30705 18
30707 19
30708 14
30711 18
30712 18
30713 18
30718 9
30721 18
30723 20
30725 19
30726 18
30728 19
30729 18
30730 13
30734 18
30735 18
30736 21
30737 22
30739 17
30740 12
30741 12
30742 20
30747 18
30749 19
30750 16
30753 13
30756 16
30757 18
30758 15
30759 10
30760 19
30762 18
30763 12
30768 11
30777 19
30778 18
30779 20
30780 18
30781 18
30783 13
30784 19
30785 19
30786 18
30787 18
30789 21
30790 19
30791 18
30792 17
30799 19
30800 15
30804 19
30805 19
30806 19
30807 19
30808 13
30809 19
30810 19
30811 19
30812 19
30813 19
30814 19
30815 19
30816 19
30817 19
30818 21
30819 18
30820 18
30821 20
30826 23
30827 19
30828 19
30829 19
30830 18
30831 19
30832 19
30833 18
30835 18
30836 19
30837 18
30838 18
30839 19
30840 18
30841 19
30843 19
30847 19
30848 19
30849 15
30850 19
30851 18
30852 19
30853 18
30854 19
30855 20
30856 13
30857 15
30858 19
30859 19
30860 16
30861 19
30862 23
30863 19
30865 19
30866 8
30912 18
30916 17
30917 11
30918 18
30919 10
30920 11
30921 19
30922 19
30923 22
30924 14
30925 19
30926 19
30927 19
30928 21
30929 8
30930 19
30931 8
30940 11
30941 17
30942 19
30943 19
30944 21
30945 19
30946 19
30947 18
30949 19
30952 18
30953 19
30954 25
30955 15
30956 18
30957 17
30964 10
30966 11
30967 19
30968 17
30969 20
30970 18
30971 11
30972 16
30973 19
30974 19
30976 20
30978 12
30994 16
30996 20
30997 18
30998 20
31001 19
31008 21
31009 21
31011 20
31012 18
31013 18
31014 18
31015 19
31016 18
31018 14
31019 19
31030 19
31031 18
31032 18
31033 21
31034 17
31035 14
31037 15
31038 18
31039 19
31040 19
31041 18
31042 17
31043 17
31047 18
31048 19
31049 18
31050 12
31051 17
31052 18
31053 10
31056 19
31057 21
31058 10
31059 24
31060 19
31061 19
31062 16
31063 9
31068 18
31069 18
31070 13
31071 19
31072 20
31073 20
31074 18
31075 9
31081 19
31082 19
31083 18
31084 18
31085 18
31086 18
31088 21
31089 20
31090 20
31091 20
31092 18
31093 18
31094 15
31102 13
31108 13
31109 9
31110 20
31111 19
31112 19
31113 19
31115 19
31117 18
31118 19
31119 18
31120 18
31121 18
31122 18
31123 18
31124 19
31125 19
31130 19
31131 19
31132 18
31133 19
31134 19
31135 19
31136 21
31137 20
31138 9
31139 20
31140 11
31141 19
31142 19
31143 20
31144 20
31145 19
31146 19
31147 14
31159 8
31162 18
31164 18
31165 19
31166 18
31167 18
31168 19
31169 19
31170 18
31171 19
31172 18
31173 19
31174 21
31175 18
31176 19
31177 13
31180 24
31181 24
31182 19
31183 21
31184 25
31185 17
31186 31
31200 18
31206 21
31207 17
31208 22
31209 23
31210 14
31211 20
31212 19
31213 19
31215 19
31216 8
31217 19
31218 17
31219 17
31220 17
31221 17
31222 17
31223 17
31224 17
31226 17
31227 15
31232 20
31233 19
31234 20
31235 20
31236 18
31237 19
31238 19
31239 17
31242 19
31243 19
31244 19
31245 19
31246 19
31247 13
31248 8
31250 19
31255 19
31256 18
31258 19
31259 11
31260 19
31261 18
31262 18
31264 17
31265 19
31266 18
31267 17
31268 17
31269 18
31275 20
31277 19
31278 17
31280 12
31281 18
31282 18
31283 18
31284 18
31285 18
31286 18
31287 18
31288 18
31289 18
31290 21
31291 18
31292 18
31293 18
31294 16
31295 18
31296 18
31301 18
31302 17
31303 17
31304 18
31305 18
31306 18
31307 18
31308 18
31309 18
31310 18
31311 17
31312 13
31313 18
31314 19
31315 18
31316 18
31317 19
31320 19
31321 18
31322 18
31323 9
31324 19
31325 19
31326 19
31327 19
31328 19
31329 20
31330 19
31331 11
31332 20
31333 19
31334 21
31335 18
31336 18
31337 18
31338 19
31339 18
31340 19
31341 18
31342 14
31345 18
31346 10
31348 18
31349 18
31350 19
31351 18
31352 18
31353 13
31354 18
31355 18
31356 18
31357 17
31358 19
31359 12
31360 18
31361 18
31362 18
31363 18
31364 18
31365 20
31366 18
31367 18
31368 16
31369 9
31370 18
31371 18
31372 19
31373 10
31374 18
31375 18
31376 19
31377 18
31378 21
31379 19
31381 9
31395 19
31396 19
31397 18
31399 18
31400 18
31401 9
31402 19
31403 11
31404 19
31408 18
31409 19
31410 18
31411 18
31412 18
31413 18
31414 18
31415 19
31416 10
31418 18
31419 10
31421 11
31422 18
31423 19
31424 20
31432 18
31434 18
31435 18
31436 18
31437 18
31438 19
31439 18
31440 18
31441 18
31442 18
31443 18
31444 19
31445 19
31446 17
31447 19
31448 18
31449 18
31450 18
31451 18
31452 19
31453 19
31454 19
31455 18
31458 13
31463 18
31464 18
31465 19
31466 18
31483 14
