30281
30282
30283
30284
30285
30292
30297
30298
30299
30300
30301
30302
30303
30304
30305
30306
30307
30308
30309
30310
30317
30318
30319
30320
30321
30322
30341
30350
30351
30352
30353
30371
30384
30385
30390
30391
30392
30393
30394
30396
30397
30398
30399
30400
30401
30405
30406
30407
30408
30409
30410
30411
30419
30420
30421
30425
30426
30427
30428
30429
30436
30437
30438
30439
30440
30441
30442
30443
30444
30445
30448
30449
30450
30451
30452
30454
30455
30456
30457
30458
30459
30460
30461
30462
30463
30464
30465
30466
30467
30468
30469
30470
30471
30472
30473
30474
30475
30476
30477
30478
30485
30486
30487
30488
30489
30490
30491
30492
30493
30494
30495
30496
30497
30498
30499
30500
30501
30502
30503
30504
30505
30506
30507
30511
30512
30513
30514
30515
30517
30518
30519
30520
30521
30522
30523
30524
30525
30526
30527
30528
30529
30530
30531
30532
30533
30534
30535
30536
30537
30538
30539
30540
30541
30542
30543
30545
30546
30547
30548
30549
30550
30551
30553
30554
30555
30556
30557
30558
30559
30560
30561
30562
30563
30565
30568
30569
30570
30571
30572
30574
30575
30579
30580
30582
30583
30584
30585
30587
30588
30589
30590
30591
30592
30593
30594
30595
30599
30600
30601
30602
30603
30604
30605
30606
30609
30610
30611
30612
30613
30614
30615
30616
30617
30618
30619
30621
30622
30623
30624
30625
30626
30627
30628
30629
30630
30631
30632
30633
30634
30635
30636
30637
30638
30639
30640
30641
30651
30652
30653
30668
30670
30672
30673
30674
30675
30676
30677
30678
30680
30681
30682
30685
30686
30687
30688
30693
30694
30695
30696
30697
30698
30699
30700
30701
30702
30703
30704
30705
30706
30707
30708
30709
30711
30712
30713
30718
30719
30720
30721
30722
30723
30724
30725
30726
30727
30728
30729
30730
30731
30732
30733
30734
30735
30736
30737
30738
30739
30740
30741
30742
30743
30745
30746
30747
30748
30749
30750
30753
30754
30756
30757
30758
30759
30760
30761
30762
30763
30764
30765
30766
30768
30769
30770
30771
30772
30773
30777
30778
30779
30780
30781
30783
30784
30785
30786
30787
30788
30789
30790
30791
30792
30793
30795
30799
30800
30801
30804
30805
30806
30807
30808
30809
30810
30811
30812
30813
30814
30815
30816
30817
30818
30819
30820
30821
30822
30824
30825
30826
30827
30828
30829
30830
30831
30832
30833
30834
30835
30836
30837
30838
30839
30840
30841
30842
30843
30847
30848
30849
30850
30851
30852
30853
30854
30855
30856
30857
30858
30859
30860
30861
30862
30863
30864
30865
30866
30867
30872
30873
30874
30875
30879
30884
30885
30886
30898
30907
30909
30910
30912
30913
30914
30915
30916
30917
30918
30919
30920
30921
30922
30923
30924
30925
30926
30927
30928
30929
30930
30931
30934
30935
30940
30941
30942
30943
30944
30945
30946
30947
30948
30949
30950
30951
30952
30953
30954
30955
30956
30957
30961
30962
30963
30964
30965
30966
30967
30968
30969
30970
30971
30972
30973
30974
30975
30976
30977
30978
30985
30990
30991
30992
30993
30994
30995
30996
30997
30998
30999
31000
31001
31004
31005
31006
31007
31008
31009
31011
31012
31013
31014
31015
31016
31017
31018
31019
31029
31030
31031
31032
31033
31034
31035
31036
31037
31038
31039
31040
31041
31042
31043
31044
31045
31046
31047
31048
31049
31050
31051
31052
31053
31056
31057
31058
31059
31060
31061
31062
31063
31064
31065
31066
31068
31069
31070
31071
31072
31073
31074
31075
31079
31080
31081
31082
31083
31084
31085
31086
31087
31088
31089
31090
31091
31092
31093
31094
31096
31097
31098
31099
31100
31101
31102
31104
31106
31108
31109
31110
31111
31112
31113
31114
31115
31116
31117
31118
31119
31120
31121
31122
31123
31124
31125
31128
31129
31130
31131
31132
31133
31134
31135
31136
31137
31138
31139
31140
31141
31142
31143
31144
31145
31146
31147
31156
31157
31158
31159
31160
31162
31163
31164
31165
31166
31167
31168
31169
31170
31171
31172
31173
31174
31175
31176
31177
31180
31181
31182
31183
31184
31185
31186
31188
31189
31190
31191
31192
31193
31194
31195
31196
31199
31200
31201
31202
31203
31205
31206
31207
31208
31209
31210
31211
31212
31213
31215
31216
31217
31218
31219
31220
31221
31222
31223
31224
31226
31227
31228
31229
31231
31232
31233
31234
31235
31236
31237
31238
31239
31240
31241
31242
31243
31244
31245
31246
31247
31248
31249
31250
31252
31253
31254
31255
31256
31257
31258
31259
31260
31261
31262
31263
31264
31265
31266
31267
31268
31269
31270
31275
31276
31277
31278
31279
31280
31281
31282
31283
31284
31285
31286
31287
31288
31289
31290
31291
31292
31293
31294
31295
31296
31298
31299
31300
31301
31302
31303
31304
31305
31306
31307
31308
31309
31310
31311
31312
31313
31314
31315
31316
31317
31320
31321
31322
31323
31324
31325
31326
31327
31328
31329
31330
31331
31332
31333
31334
31335
31336
31337
31338
31339
31340
31341
31342
31344
31345
31346
31347
31348
31349
31350
31351
31352
31353
31354
31355
31356
31357
31358
31359
31360
31361
31362
31363
31364
31365
31366
31367
31368
31369
31370
31371
31372
31373
31374
31375
31376
31377
31378
31379
31381
31382
31384
31385
31386
31387
31388
31389
31391
31392
31393
31394
31395
31396
31397
31399
31400
31401
31402
31403
31404
31405
31406
31407
31408
31409
31410
31411
31412
31413
31414
31415
31416
31417
31418
31419
31421
31422
31423
31424
31425
31426
31430
31431
31432
31433
31434
31435
31436
31437
31438
31439
31440
31441
31442
31443
31444
31445
31446
31447
31448
31449
31450
31451
31452
31453
31454
31455
31457
31458
31459
31460
31461
31462
31463
31464
31465
31466
31467
31468
31469
31470
31471
31472
31473
31474
31475
31476
31477
31478
31479
31480
31481
31482
31483
31484
31485
31486
