30281
30282
30283
30284
30285
30292
30297
30298
30299
30300
30302
30303
30304
30305
30306
30307
30308
30309
30310
30317
30318
30319
30320
30321
30322
30350
30351
30352
30353
30371
30384
30385
30390
30391
30392
30393
30394
30396
30397
30398
30399
30400
30401
30405
30406
30407
30408
30409
30410
30411
30420
30425
30426
30427
30428
30429
30436
30437
30438
30439
30440
30441
30443
30444
30445
30449
30450
30451
30452
30454
30455
30456
30457
30458
30459
30460
30461
30462
30463
30464
30465
30466
30467
30468
30469
30470
30471
30472
30473
30474
30476
30477
30478
30485
30486
30487
30488
30489
30490
30491
30492
30493
30494
30495
30496
30497
30498
30499
30500
30501
30502
30503
30504
30506
30507
30513
30514
30519
30520
30521
30522
30523
30528
30529
30530
30531
30532
30533
30534
30535
30536
30537
30538
30539
30543
30545
30546
30547
30548
30549
30550
30551
30553
30554
30555
30556
30557
30558
30559
30560
30561
30562
30563
30565
30568
30569
30572
30575
30579
30580
30582
30584
30585
30591
30593
30594
30595
30599
30606
30609
30610
30611
30612
30621
30630
30634
30635
30636
30638
30639
30640
30651
30652
30653
30668
30670
30672
30673
30674
30675
30680
30688
30695
30701
30702
30703
30704
30706
30709
30719
30720
30722
30724
30727
30731
30732
30733
30738
30743
30745
30746
30748
30754
30761
30764
30765
30766
30769
30770
30771
30772
30773
30788
30793
30795
30801
30822
30824
30825
30834
30842
30864
30867
30872
30873
30874
30875
30879
30884
30885
30886
30898
30907
30909
30910
30913
30914
30915
30934
30935
30948
30950
30951
30961
30962
30963
30965
30975
30977
30985
30990
30991
30992
30993
30995
30999
31000
31004
31005
31006
31007
31017
31029
31036
31044
31045
31046
31064
31065
31066
31079
31080
31087
31096
31097
31098
31099
31100
31101
31104
31106
31114
31116
31128
31129
31156
31157
31158
31160
31163
31188
31189
31190
31191
31192
31193
31194
31195
31196
31199
31201
31202
31203
31205
31228
31229
31231
31240
31241
31249
31252
31253
31254
31257
31263
31270
31276
31279
31298
31299
31300
31344
31347
31382
31384
31385
31386
31387
31388
31389
31391
31392
31393
31394
31405
31406
31407
31417
31425
31426
31430
31431
31433
31457
31459
31460
31461
31462
31467
31468
31469
31470
31471
31472
31473
31474
31475
31476
31477
31478
31479
31480
31481
31482
31484
31485
31486
